3
999
999
4.310307e-02
10 01
T T
2.155153e-02 2.155153e-02 1.000000 0.029013 0.964567
7.085335e-01 2.155153e-02 2.155153e-02 1.000000 0.297712 0.732585
1.166968e-01 2.155153e-02 2.155153e-02 1.000000 0.059323 0.006476
8.894030e-01 2.155153e-02 2.155153e-02 1.000000 0.279716 0.098249
9.613739e-01 2.155153e-02 2.155153e-02 1.000000 0.168681 0.501030
5.917023e-02 2.155153e-02 2.155153e-02 1.000000 0.944662 0.361315
7.222256e-01 2.155153e-02 2.155153e-02 1.000000 0.466394 0.543740
7.702238e-01 2.155153e-02 2.155153e-02 1.000000 0.874111 0.824955
1.968397e-01 2.155153e-02 2.155153e-02 1.000000 0.465399 0.351383
1.682635e-01 2.155153e-02 2.155153e-02 1.000000 0.523042 0.157189
3.043970e-01 2.155153e-02 2.155153e-02 1.000000 0.210250 0.078029
3.902241e-01 2.155153e-02 2.155153e-02 1.000000 0.405938 0.569650
4.122877e-01 2.155153e-02 2.155153e-02 1.000000 0.216896 0.733240
3.483195e-01 2.155153e-02 2.155153e-02 1.000000 0.859955 0.507877
1.699299e-01 2.155153e-02 2.155153e-02 1.000000 0.794122 0.535499
8.608065e-01 2.155153e-02 2.155153e-02 1.000000 0.726751 0.983615
9.176866e-01 2.155153e-02 2.155153e-02 1.000000 0.551204 0.783129
5.104177e-01 2.155153e-02 2.155153e-02 1.000000 0.191812 0.595156
5.363738e-01 2.155153e-02 2.155153e-02 1.000000 0.158095 0.373401
5.476202e-01 2.155153e-02 2.155153e-02 1.000000 0.540746 0.368776
2.636842e-01 2.155153e-02 2.155153e-02 1.000000 0.942759 0.256140
9.765370e-01 2.155153e-02 2.155153e-02 1.000000 0.512326 0.182326
4.351441e-01 2.155153e-02 2.155153e-02 1.000000 0.350647 0.016446
7.307620e-01 2.155153e-02 2.155153e-02 1.000000 0.063698 0.381209
9.949481e-01 2.155153e-02 2.155153e-02 1.000000 0.316397 0.165167
2.319065e-01 2.155153e-02 2.155153e-02 1.000000 0.990026 0.281895
4.039706e-02 2.155153e-02 2.155153e-02 1.000000 0.436937 0.150855
5.032235e-01 2.155153e-02 2.155153e-02 1.000000 0.482759 0.238091
5.173216e-01 2.155153e-02 2.155153e-02 1.000000 0.027648 0.224765
2.622953e-01 2.155153e-02 2.155153e-02 1.000000 0.895398 0.455764
2.897454e-01 2.155153e-02 2.155153e-02 1.000000 0.785675 0.083814
2.907339e-01 2.155153e-02 2.155153e-02 1.000000 0.009118 0.124293
9.384448e-01 2.155153e-02 2.155153e-02 1.000000 0.319832 0.413275
4.112049e-01 2.155153e-02 2.155153e-02 1.000000 0.409507 0.769371
3.918952e-02 2.155153e-02 2.155153e-02 1.000000 0.249617 0.153565
8.289203e-01 2.155153e-02 2.155153e-02 1.000000 0.425302 0.847846
8.773052e-01 2.155153e-02 2.155153e-02 1.000000 0.738128 0.317864
9.163530e-01 2.155153e-02 2.155153e-02 1.000000 0.533864 0.686586
5.352148e-01 2.155153e-02 2.155153e-02 1.000000 0.108570 0.154775
5.774056e-01 2.155153e-02 2.155153e-02 1.000000 0.993918 0.228026
6.887562e-01 2.155153e-02 2.155153e-02 1.000000 0.462621 0.761348
4.085381e-01 2.155153e-02 2.155153e-02 1.000000 0.314912 0.648208
5.488887e-01 2.155153e-02 2.155153e-02 1.000000 0.534756 0.588082
9.421233e-01 2.155153e-02 2.155153e-02 1.000000 0.755105 0.356055
6.220317e-01 2.155153e-02 2.155153e-02 1.000000 0.398674 0.395115
4.597343e-01 2.155153e-02 2.155153e-02 1.000000 0.494012 0.606423
5.438339e-01 2.155153e-02 2.155153e-02 1.000000 0.421127 0.754080
3.394766e-01 2.155153e-02 2.155153e-02 1.000000 0.459784 0.491082
3.670028e-01 2.155153e-02 2.155153e-02 1.000000 0.894082 0.106953
3.595504e-01 2.155153e-02 2.155153e-02 1.000000 0.686272 0.286315
5.082422e-01 2.155153e-02 2.155153e-02 1.000000 0.929181 0.532513
5.085107e-02 2.155153e-02 2.155153e-02 1.000000 0.731144 0.865280
3.734771e-01 2.155153e-02 2.155153e-02 1.000000 0.060330 0.880626
1.241119e-01 2.155153e-02 2.155153e-02 1.000000 0.529994 0.986104
5.647081e-01 2.155153e-02 2.155153e-02 1.000000 0.400671 0.505596
1.326307e-01 2.155153e-02 2.155153e-02 1.000000 0.159434 0.060436
3.278416e-01 2.155153e-02 2.155153e-02 1.000000 0.328509 0.850326
8.590029e-01 2.155153e-02 2.155153e-02 1.000000 0.977848 0.653184
7.310198e-01 2.155153e-02 2.155153e-02 1.000000 0.590468 0.644051
9.193065e-01 2.155153e-02 2.155153e-02 1.000000 0.641608 0.707240
5.062054e-01 2.155153e-02 2.155153e-02 1.000000 0.846402 0.054457
1.991936e-01 2.155153e-02 2.155153e-02 1.000000 0.200052 0.232672
3.760061e-01 2.155153e-02 2.155153e-02 1.000000 0.241967 0.254483
1.862099e-02 2.155153e-02 2.155153e-02 1.000000 0.401788 0.831950
9.536954e-01 2.155153e-02 2.155153e-02 1.000000 0.547034 0.382169
2.842601e-02 2.155153e-02 2.155153e-02 1.000000 0.292658 0.877675
3.565975e-01 2.155153e-02 2.155153e-02 1.000000 0.144730 0.682925
2.763038e-01 2.155153e-02 2.155153e-02 1.000000 0.252886 0.316870
6.884039e-01 2.155153e-02 2.155153e-02 1.000000 0.288010 0.185521
1.343098e-01 2.155153e-02 2.155153e-02 1.000000 0.585046 0.578439
2.737882e-01 2.155153e-02 2.155153e-02 1.000000 0.220732 0.421484
8.514047e-01 2.155153e-02 2.155153e-02 1.000000 0.637804 0.360941
4.172407e-02 2.155153e-02 2.155153e-02 1.000000 0.045744 0.344697
8.389614e-01 2.155153e-02 2.155153e-02 1.000000 0.138058 0.417153
1.569295e-01 2.155153e-02 2.155153e-02 1.000000 0.619696 0.127809
5.555557e-01 2.155153e-02 2.155153e-02 1.000000 0.173950 0.527962
2.457656e-02 2.155153e-02 2.155153e-02 1.000000 0.394994 0.650857
8.223859e-01 2.155153e-02 2.155153e-02 1.000000 0.302782 0.587935
3.770612e-01 2.155153e-02 2.155153e-02 1.000000 0.211321 0.689507
7.480274e-01 2.155153e-02 2.155153e-02 1.000000 0.582529 0.041946
9.058025e-01 2.155153e-02 2.155153e-02 1.000000 0.868630 0.217396
5.693439e-01 2.155153e-02 2.155153e-02 1.000000 0.803548 0.070943
2.217918e-01 2.155153e-02 2.155153e-02 1.000000 0.078054 0.487012
1.072806e-02 2.155153e-02 2.155153e-02 1.000000 0.959960 0.760364
2.487541e-01 2.155153e-02 2.155153e-02 1.000000 0.192892 0.375915
3.047371e-01 2.155153e-02 2.155153e-02 1.000000 0.884965 0.591922
8.637632e-02 2.155153e-02 2.155153e-02 1.000000 0.899739 0.080160
9.719290e-02 2.155153e-02 2.155153e-02 1.000000 0.427876 0.089819
7.861040e-01 2.155153e-02 2.155153e-02 1.000000 0.851884 0.596350
8.267282e-01 2.155153e-02 2.155153e-02 1.000000 0.850715 0.877604
9.268023e-01 2.155153e-02 2.155153e-02 1.000000 0.205504 0.894285
1.775768e-01 2.155153e-02 2.155153e-02 1.000000 0.130267 0.627422
4.421763e-01 2.155153e-02 2.155153e-02 1.000000 0.647929 0.543538
1.127290e-02 2.155153e-02 2.155153e-02 1.000000 0.162620 0.718175
8.644514e-01 2.155153e-02 2.155153e-02 1.000000 0.867076 0.372569
3.829908e-02 2.155153e-02 2.155153e-02 1.000000 0.909311 0.004982
3.867533e-01 2.155153e-02 2.155153e-02 1.000000 0.712018 0.557430
6.095072e-01 2.155153e-02 2.155153e-02 1.000000 0.337059 0.127717
6.354825e-01 2.155153e-02 2.155153e-02 1.000000 0.260938 0.900422
9.816971e-01 2.155153e-02 2.155153e-02 1.000000 0.628103 0.372322
3.876814e-01 2.155153e-02 2.155153e-02 1.000000 0.359549 0.181369
1.334154e-01 2.155153e-02 2.155153e-02 1.000000 0.770221 0.903371
5.950433e-01 2.155153e-02 2.155153e-02 1.000000 0.099977 0.167038
9.751454e-01 2.155153e-02 2.155153e-02 1.000000 0.587205 0.879190
3.894593e-01 2.155153e-02 2.155153e-02 1.000000 0.798600 0.796034
1.999866e-02 2.155153e-02 2.155153e-02 1.000000 0.439484 0.833032
7.660068e-01 2.155153e-02 2.155153e-02 1.000000 0.278327 0.873098
5.741227e-02 2.155153e-02 2.155153e-02 1.000000 0.123212 0.695988
8.526601e-01 2.155153e-02 2.155153e-02 1.000000 0.335361 0.807853
1.601446e-01 2.155153e-02 2.155153e-02 1.000000 0.187925 0.723978
9.693652e-02 2.155153e-02 2.155153e-02 1.000000 0.448732 0.059284
3.147887e-01 2.155153e-02 2.155153e-02 1.000000 0.676792 0.736601
2.924274e-01 2.155153e-02 2.155153e-02 1.000000 0.397261 0.553295
9.414202e-01 2.155153e-02 2.155153e-02 1.000000 0.331627 0.268274
2.674643e-01 2.155153e-02 2.155153e-02 1.000000 0.772449 0.409358
6.504981e-01 2.155153e-02 2.155153e-02 1.000000 0.517883 0.085297
2.244468e-01 2.155153e-02 2.155153e-02 1.000000 0.208565 0.005431
5.441138e-01 2.155153e-02 2.155153e-02 1.000000 0.163676 0.432190
4.986864e-01 2.155153e-02 2.155153e-02 1.000000 0.157524 0.572299
5.730955e-01 2.155153e-02 2.155153e-02 1.000000 0.165908 0.961976
3.165880e-01 2.155153e-02 2.155153e-02 1.000000 0.585063 0.729877
4.957152e-01 2.155153e-02 2.155153e-02 1.000000 0.556379 0.885510
8.247471e-01 2.155153e-02 2.155153e-02 1.000000 0.368072 0.138992
5.560119e-01 2.155153e-02 2.155153e-02 1.000000 0.198872 0.193913
7.523015e-01 2.155153e-02 2.155153e-02 1.000000 0.277042 0.729739
9.736309e-01 2.155153e-02 2.155153e-02 1.000000 0.220216 0.742870
7.938708e-01 2.155153e-02 2.155153e-02 1.000000 0.026396 0.548974
4.419576e-01 2.155153e-02 2.155153e-02 1.000000 0.596248 0.312406
7.627137e-01 2.155153e-02 2.155153e-02 1.000000 0.672270 0.834448
1.015250e-01 2.155153e-02 2.155153e-02 1.000000 0.111767 0.537795
9.367328e-03 2.155153e-02 2.155153e-02 1.000000 0.671434 0.726671
6.029309e-02 2.155153e-02 2.155153e-02 1.000000 0.153599 0.074936
8.470772e-01 2.155153e-02 2.155153e-02 1.000000 0.085349 0.427131
4.887488e-01 2.155153e-02 2.155153e-02 1.000000 0.393420 0.263586
3.547271e-01 2.155153e-02 2.155153e-02 1.000000 0.006874 0.782340
6.760770e-02 2.155153e-02 2.155153e-02 1.000000 0.863160 0.241288
7.812012e-02 2.155153e-02 2.155153e-02 1.000000 0.315651 0.648995
2.347818e-01 2.155153e-02 2.155153e-02 1.000000 0.945450 0.304202
3.787129e-01 2.155153e-02 2.155153e-02 1.000000 0.518102 0.149095
9.344398e-01 2.155153e-02 2.155153e-02 1.000000 0.581696 0.576894
6.179137e-01 2.155153e-02 2.155153e-02 1.000000 0.609975 0.889619
1.226069e-01 2.155153e-02 2.155153e-02 1.000000 0.625291 0.858674
5.541458e-01 2.155153e-02 2.155153e-02 1.000000 0.000981 0.253822
4.935798e-01 2.155153e-02 2.155153e-02 1.000000 0.406694 0.481518
4.595512e-01 2.155153e-02 2.155153e-02 1.000000 0.122551 0.895733
6.641849e-01 2.155153e-02 2.155153e-02 1.000000 0.202582 0.358257
5.122376e-01 2.155153e-02 2.155153e-02 1.000000 0.200218 0.407820
3.961608e-02 2.155153e-02 2.155153e-02 1.000000 0.686497 0.476836
8.825359e-01 2.155153e-02 2.155153e-02 1.000000 0.190925 0.625668
8.593148e-01 2.155153e-02 2.155153e-02 1.000000 0.682382 0.282475
4.060895e-01 2.155153e-02 2.155153e-02 1.000000 0.351904 0.358963
6.236820e-01 2.155153e-02 2.155153e-02 1.000000 0.837420 0.454085
4.158212e-01 2.155153e-02 2.155153e-02 1.000000 0.267507 0.565114
3.663765e-01 2.155153e-02 2.155153e-02 1.000000 0.271650 0.649163
9.128066e-01 2.155153e-02 2.155153e-02 1.000000 0.366163 0.005629
4.412502e-01 2.155153e-02 2.155153e-02 1.000000 0.230426 0.087594
6.864509e-02 2.155153e-02 2.155153e-02 1.000000 0.284281 0.797986
3.418093e-01 2.155153e-02 2.155153e-02 1.000000 0.453942 0.691198
8.156118e-01 2.155153e-02 2.155153e-02 1.000000 0.155105 0.618953
2.100996e-01 2.155153e-02 2.155153e-02 1.000000 0.371913 0.704482
6.295936e-01 2.155153e-02 2.155153e-02 1.000000 0.886764 0.030744
3.396239e-01 2.155153e-02 2.155153e-02 1.000000 0.965235 0.955559
7.253981e-01 2.155153e-02 2.155153e-02 1.000000 0.320863 0.927275
4.632401e-01 2.155153e-02 2.155153e-02 1.000000 0.206984 0.043481
3.352562e-01 2.155153e-02 2.155153e-02 1.000000 0.463045 0.775571
7.543963e-01 2.155153e-02 2.155153e-02 1.000000 0.510689 0.077313
3.827639e-01 2.155153e-02 2.155153e-02 1.000000 0.744918 0.235203
1.026687e-01 2.155153e-02 2.155153e-02 1.000000 0.554771 0.892513
3.273483e-01 2.155153e-02 2.155153e-02 1.000000 0.655130 0.438718
8.153697e-01 2.155153e-02 2.155153e-02 1.000000 0.879905 0.902944
9.921691e-01 2.155153e-02 2.155153e-02 1.000000 0.236534 0.733225
2.458986e-01 2.155153e-02 2.155153e-02 1.000000 0.880205 0.969734
5.273162e-01 2.155153e-02 2.155153e-02 1.000000 0.162309 0.521374
6.009558e-01 2.155153e-02 2.155153e-02 1.000000 0.084385 0.997505
1.439648e-01 2.155153e-02 2.155153e-02 1.000000 0.758928 0.956648
7.336732e-02 2.155153e-02 2.155153e-02 1.000000 0.040312 0.239196
6.207047e-01 2.155153e-02 2.155153e-02 1.000000 0.380517 0.780860
6.351002e-01 2.155153e-02 2.155153e-02 1.000000 0.460537 0.998354
8.412554e-01 2.155153e-02 2.155153e-02 1.000000 0.640385 0.440665
9.908220e-02 2.155153e-02 2.155153e-02 1.000000 0.217309 0.003344
8.437512e-01 2.155153e-02 2.155153e-02 1.000000 0.767047 0.808305
1.924267e-01 2.155153e-02 2.155153e-02 1.000000 0.754670 0.687251
5.815468e-01 2.155153e-02 2.155153e-02 1.000000 0.443366 0.517069
4.017430e-01 2.155153e-02 2.155153e-02 1.000000 0.978376 0.968384
2.304518e-01 2.155153e-02 2.155153e-02 1.000000 0.140559 0.873237
2.089329e-01 2.155153e-02 2.155153e-02 1.000000 0.505933 0.528357
3.620573e-01 2.155153e-02 2.155153e-02 1.000000 0.720594 0.207772
9.946592e-01 2.155153e-02 2.155153e-02 1.000000 0.972431 0.645796
2.700934e-01 2.155153e-02 2.155153e-02 1.000000 0.938306 0.919799
6.880254e-01 2.155153e-02 2.155153e-02 1.000000 0.307260 0.066926
2.048622e-01 2.155153e-02 2.155153e-02 1.000000 0.689074 0.622885
1.023897e-01 2.155153e-02 2.155153e-02 1.000000 0.340152 0.430399
1.457003e-03 2.155153e-02 2.155153e-02 1.000000 0.927705 0.510896
8.121788e-01 2.155153e-02 2.155153e-02 1.000000 0.228230 0.935235
9.258803e-01 2.155153e-02 2.155153e-02 1.000000 0.245525 0.153285
3.181007e-01 2.155153e-02 2.155153e-02 1.000000 0.292908 0.383490
1.023042e-01 2.155153e-02 2.155153e-02 1.000000 0.385223 0.467897
3.055484e-01 2.155153e-02 2.155153e-02 1.000000 0.645704 0.288778
4.364551e-01 2.155153e-02 2.155153e-02 1.000000 0.725860 0.620241
5.221132e-01 2.155153e-02 2.155153e-02 1.000000 0.047793 0.960730
5.787345e-01 2.155153e-02 2.155153e-02 1.000000 0.958994 0.410984
8.663188e-03 2.155153e-02 2.155153e-02 1.000000 0.664597 0.572019
2.050719e-01 2.155153e-02 2.155153e-02 1.000000 0.204155 0.052484
9.556077e-01 2.155153e-02 2.155153e-02 1.000000 0.741419 0.037399
2.323387e-01 2.155153e-02 2.155153e-02 1.000000 0.204473 0.120372
1.355078e-01 2.155153e-02 2.155153e-02 1.000000 0.648546 0.275721
7.840415e-01 2.155153e-02 2.155153e-02 1.000000 0.252026 0.607976
1.245428e-01 2.155153e-02 2.155153e-02 1.000000 0.062652 0.188253
7.935139e-01 2.155153e-02 2.155153e-02 1.000000 0.557089 0.860651
4.635679e-01 2.155153e-02 2.155153e-02 1.000000 0.482209 0.005187
4.328122e-01 2.155153e-02 2.155153e-02 1.000000 0.507913 0.310298
6.089068e-01 2.155153e-02 2.155153e-02 1.000000 0.823466 0.837315
8.023527e-01 2.155153e-02 2.155153e-02 1.000000 0.592935 0.089657
2.902202e-02 2.155153e-02 2.155153e-02 1.000000 0.187128 0.239694
9.408570e-01 2.155153e-02 2.155153e-02 1.000000 0.139880 0.106085
3.049399e-01 2.155153e-02 2.155153e-02 1.000000 0.887739 0.597064
2.778710e-01 2.155153e-02 2.155153e-02 1.000000 0.865918 0.730091
5.277435e-01 2.155153e-02 2.155153e-02 1.000000 0.629399 0.522454
3.298280e-01 2.155153e-02 2.155153e-02 1.000000 0.080938 0.053381
9.789555e-01 2.155153e-02 2.155153e-02 1.000000 0.717794 0.449221
3.859066e-01 2.155153e-02 2.155153e-02 1.000000 0.239590 0.485170
5.065754e-01 2.155153e-02 2.155153e-02 1.000000 0.396580 0.966796
7.032446e-02 2.155153e-02 2.155153e-02 1.000000 0.000198 0.010540
8.721056e-01 2.155153e-02 2.155153e-02 1.000000 0.747293 0.967250
3.468451e-01 2.155153e-02 2.155153e-02 1.000000 0.900405 0.354982
2.310861e-01 2.155153e-02 2.155153e-02 1.000000 0.966710 0.191264
8.659547e-01 2.155153e-02 2.155153e-02 1.000000 0.712544 0.021545
1.873316e-01 2.155153e-02 2.155153e-02 1.000000 0.250135 0.988537
7.838705e-02 2.155153e-02 2.155153e-02 1.000000 0.823270 0.424689
4.842040e-01 2.155153e-02 2.155153e-02 1.000000 0.067724 0.735026
5.901750e-01 2.155153e-02 2.155153e-02 1.000000 0.074540 0.056752
8.284980e-01 2.155153e-02 2.155153e-02 1.000000 0.143067 0.797828
5.639614e-01 2.155153e-02 2.155153e-02 1.000000 0.084721 0.230387
2.546858e-01 2.155153e-02 2.155153e-02 1.000000 0.214976 0.791075
6.822986e-01 2.155153e-02 2.155153e-02 1.000000 0.878612 0.255839
1.489139e-01 2.155153e-02 2.155153e-02 1.000000 0.405529 0.396762
2.551204e-01 2.155153e-02 2.155153e-02 1.000000 0.502198 0.193776
9.004590e-01 2.155153e-02 2.155153e-02 1.000000 0.561308 0.714274
2.510825e-01 2.155153e-02 2.155153e-02 1.000000 0.017268 0.045850
4.753573e-01 2.155153e-02 2.155153e-02 1.000000 0.703124 0.728312
9.931997e-01 2.155153e-02 2.155153e-02 1.000000 0.621019 0.921523
9.732022e-01 2.155153e-02 2.155153e-02 1.000000 0.145500 0.265021
2.410385e-01 2.155153e-02 2.155153e-02 1.000000 0.155022 0.923111
7.618193e-01 2.155153e-02 2.155153e-02 1.000000 0.413512 0.201518
9.182106e-01 2.155153e-02 2.155153e-02 1.000000 0.161307 0.502146
9.218859e-01 2.155153e-02 2.155153e-02 1.000000 0.900422 0.678735
1.440236e-01 2.155153e-02 2.155153e-02 1.000000 0.884930 0.521385
1.120092e-01 2.155153e-02 2.155153e-02 1.000000 0.519616 0.253239
6.034445e-01 2.155153e-02 2.155153e-02 1.000000 0.972632 0.975132
4.718931e-01 2.155153e-02 2.155153e-02 1.000000 0.514818 0.164490
2.002507e-01 2.155153e-02 2.155153e-02 1.000000 0.753797 0.324481
6.960347e-01 2.155153e-02 2.155153e-02 1.000000 0.242438 0.485671
6.722032e-01 2.155153e-02 2.155153e-02 1.000000 0.102168 0.101568
2.241285e-01 2.155153e-02 2.155153e-02 1.000000 0.402246 0.919671
2.810265e-01 2.155153e-02 2.155153e-02 1.000000 0.994047 0.357804
7.104083e-01 2.155153e-02 2.155153e-02 1.000000 0.730972 0.440425
5.515536e-01 2.155153e-02 2.155153e-02 1.000000 0.709105 0.447742
1.466563e-01 2.155153e-02 2.155153e-02 1.000000 0.720483 0.735792
4.424169e-01 2.155153e-02 2.155153e-02 1.000000 0.610121 0.976924
8.776584e-01 2.155153e-02 2.155153e-02 1.000000 0.671010 0.062291
1.822603e-01 2.155153e-02 2.155153e-02 1.000000 0.060940 0.019410
1.877512e-01 2.155153e-02 2.155153e-02 1.000000 0.657830 0.246276
4.344979e-03 2.155153e-02 2.155153e-02 1.000000 0.955941 0.309826
2.028256e-01 2.155153e-02 2.155153e-02 1.000000 0.711988 0.251252
3.687206e-02 2.155153e-02 2.155153e-02 1.000000 0.097134 0.896015
7.342485e-01 2.155153e-02 2.155153e-02 1.000000 0.434632 0.797152
4.927058e-01 2.155153e-02 2.155153e-02 1.000000 0.541973 0.236254
7.342057e-01 2.155153e-02 2.155153e-02 1.000000 0.703445 0.354443
3.436161e-01 2.155153e-02 2.155153e-02 1.000000 0.391354 0.104720
3.620894e-01 2.155153e-02 2.155153e-02 1.000000 0.101056 0.791952
3.412214e-01 2.155153e-02 2.155153e-02 1.000000 0.006950 0.885705
8.312212e-01 2.155153e-02 2.155153e-02 1.000000 0.230599 0.489775
2.464069e-01 2.155153e-02 2.155153e-02 1.000000 0.203407 0.210758
5.057915e-01 2.155153e-02 2.155153e-02 1.000000 0.115397 0.312817
6.616263e-01 2.155153e-02 2.155153e-02 1.000000 0.937600 0.235623
3.381920e-01 2.155153e-02 2.155153e-02 1.000000 0.474764 0.487204
7.946204e-01 2.155153e-02 2.155153e-02 1.000000 0.918823 0.619614
8.185558e-01 2.155153e-02 2.155153e-02 1.000000 0.242589 0.729892
4.371636e-01 2.155153e-02 2.155153e-02 1.000000 0.506696 0.444498
5.181767e-02 2.155153e-02 2.155153e-02 1.000000 0.862647 0.192319
3.886683e-01 2.155153e-02 2.155153e-02 1.000000 0.634521 0.387323
2.600723e-01 2.155153e-02 2.155153e-02 1.000000 0.918160 0.644826
2.734054e-01 2.155153e-02 2.155153e-02 1.000000 0.846314 0.806313
8.569319e-01 2.155153e-02 2.155153e-02 1.000000 0.512681 0.437161
3.011430e-01 2.155153e-02 2.155153e-02 1.000000 0.319491 0.717139
1.850313e-01 2.155153e-02 2.155153e-02 1.000000 0.100303 0.362081
7.709940e-01 2.155153e-02 2.155153e-02 1.000000 0.130999 0.343111
8.251206e-01 2.155153e-02 2.155153e-02 1.000000 0.912363 0.755578
6.397169e-04 2.155153e-02 2.155153e-02 1.000000 0.386417 0.770752
5.689655e-01 2.155153e-02 2.155153e-02 1.000000 0.985041 0.899938
1.107392e-01 2.155153e-02 2.155153e-02 1.000000 0.811037 0.077121
9.151834e-01 2.155153e-02 2.155153e-02 1.000000 0.153497 0.521717
4.168946e-01 2.155153e-02 2.155153e-02 1.000000 0.780204 0.463199
5.845557e-01 2.155153e-02 2.155153e-02 1.000000 0.834789 0.975682
1.702005e-01 2.155153e-02 2.155153e-02 1.000000 0.888820 0.103358
1.693860e-01 2.155153e-02 2.155153e-02 1.000000 0.662606 0.513189
2.774710e-01 2.155153e-02 2.155153e-02 1.000000 0.607325 0.292309
5.557220e-01 2.155153e-02 2.155153e-02 1.000000 0.962743 0.933812
4.460260e-01 2.155153e-02 2.155153e-02 1.000000 0.206853 0.725089
5.680286e-01 2.155153e-02 2.155153e-02 1.000000 0.974982 0.645539
6.683198e-01 2.155153e-02 2.155153e-02 1.000000 0.269936 0.103704
3.595934e-01 2.155153e-02 2.155153e-02 1.000000 0.813323 0.574582
7.641257e-01 2.155153e-02 2.155153e-02 1.000000 0.176178 0.321863
9.024047e-01 2.155153e-02 2.155153e-02 1.000000 0.353281 0.068591
3.602129e-01 2.155153e-02 2.155153e-02 1.000000 0.777628 0.992825
7.417684e-01 2.155153e-02 2.155153e-02 1.000000 0.860499 0.242288
3.668750e-01 2.155153e-02 2.155153e-02 1.000000 0.645159 0.774805
4.232672e-02 2.155153e-02 2.155153e-02 1.000000 0.824477 0.098201
7.233737e-01 2.155153e-02 2.155153e-02 1.000000 0.832905 0.747834
3.017450e-01 2.155153e-02 2.155153e-02 1.000000 0.544210 0.171909
6.839037e-01 2.155153e-02 2.155153e-02 1.000000 0.461435 0.944163
3.659724e-01 2.155153e-02 2.155153e-02 1.000000 0.522084 0.264855
4.463979e-01 2.155153e-02 2.155153e-02 1.000000 0.592736 0.122363
1.079213e-01 2.155153e-02 2.155153e-02 1.000000 0.297890 0.210514
4.378426e-01 2.155153e-02 2.155153e-02 1.000000 0.733917 0.452405
6.654311e-01 2.155153e-02 2.155153e-02 1.000000 0.565935 0.291250
4.274445e-01 2.155153e-02 2.155153e-02 1.000000 0.160778 0.674479
6.740038e-01 2.155153e-02 2.155153e-02 1.000000 0.721569 0.428854
3.792874e-02 2.155153e-02 2.155153e-02 1.000000 0.427583 0.738359
8.824786e-01 2.155153e-02 2.155153e-02 1.000000 0.382923 0.285214
7.128337e-01 2.155153e-02 2.155153e-02 1.000000 0.078500 0.646099
5.723578e-01 2.155153e-02 2.155153e-02 1.000000 0.925958 0.140757
2.704706e-02 2.155153e-02 2.155153e-02 1.000000 0.958081 0.572808
8.175801e-01 2.155153e-02 2.155153e-02 1.000000 0.715745 0.006348
9.644124e-01 2.155153e-02 2.155153e-02 1.000000 0.285076 0.648016
1.853253e-01 2.155153e-02 2.155153e-02 1.000000 0.451699 0.834394
3.864251e-01 2.155153e-02 2.155153e-02 1.000000 0.217222 0.298576
6.513905e-01 2.155153e-02 2.155153e-02 1.000000 0.331385 0.665901
8.420175e-02 2.155153e-02 2.155153e-02 1.000000 0.798853 0.586435
1.710901e-01 2.155153e-02 2.155153e-02 1.000000 0.429650 0.711392
7.168615e-01 2.155153e-02 2.155153e-02 1.000000 0.722032 0.758928
9.893642e-02 2.155153e-02 2.155153e-02 1.000000 0.600599 0.642000
6.479208e-01 2.155153e-02 2.155153e-02 1.000000 0.324365 0.613353
6.203158e-01 2.155153e-02 2.155153e-02 1.000000 0.261095 0.677189
1.299521e-01 2.155153e-02 2.155153e-02 1.000000 0.893840 0.749069
6.212023e-01 2.155153e-02 2.155153e-02 1.000000 0.665960 0.791033
7.096712e-01 2.155153e-02 2.155153e-02 1.000000 0.157091 0.043841
2.916985e-02 2.155153e-02 2.155153e-02 1.000000 0.210333 0.653751
5.107600e-01 2.155153e-02 2.155153e-02 1.000000 0.814035 0.264011
9.556366e-02 2.155153e-02 2.155153e-02 1.000000 0.939405 0.577161
6.559574e-01 2.155153e-02 2.155153e-02 1.000000 0.820291 0.891406
3.602983e-01 2.155153e-02 2.155153e-02 1.000000 0.431518 0.406794
8.403290e-01 2.155153e-02 2.155153e-02 1.000000 0.739563 0.041289
6.984969e-01 2.155153e-02 2.155153e-02 1.000000 0.311638 0.464064
1.283171e-01 2.155153e-02 2.155153e-02 1.000000 0.338498 0.223585
7.091272e-01 2.155153e-02 2.155153e-02 1.000000 0.175784 0.047399
3.813239e-01 2.155153e-02 2.155153e-02 1.000000 0.915283 0.569217
4.903862e-01 2.155153e-02 2.155153e-02 1.000000 0.216856 0.051528
6.432358e-01 2.155153e-02 2.155153e-02 1.000000 0.360246 0.531068
4.397064e-01 2.155153e-02 2.155153e-02 1.000000 0.226194 0.565972
2.750145e-01 2.155153e-02 2.155153e-02 1.000000 0.338983 0.272436
7.522724e-01 2.155153e-02 2.155153e-02 1.000000 0.367492 0.612982
3.811284e-02 2.155153e-02 2.155153e-02 1.000000 0.180163 0.766005
3.930116e-01 2.155153e-02 2.155153e-02 1.000000 0.932079 0.858003
4.061838e-01 2.155153e-02 2.155153e-02 1.000000 0.532197 0.416898
8.234999e-01 2.155153e-02 2.155153e-02 1.000000 0.363565 0.036944
4.776868e-01 2.155153e-02 2.155153e-02 1.000000 0.033361 0.893377
7.803106e-01 2.155153e-02 2.155153e-02 1.000000 0.129253 0.365151
4.159635e-02 2.155153e-02 2.155153e-02 1.000000 0.003826 0.680609
4.194417e-01 2.155153e-02 2.155153e-02 1.000000 0.296558 0.293674
7.823824e-01 2.155153e-02 2.155153e-02 1.000000 0.524226 0.289767
8.045861e-01 2.155153e-02 2.155153e-02 1.000000 0.943822 0.685476
9.631721e-02 2.155153e-02 2.155153e-02 1.000000 0.395142 0.463761
7.576182e-01 2.155153e-02 2.155153e-02 1.000000 0.531227 0.015299
8.499825e-01 2.155153e-02 2.155153e-02 1.000000 0.824926 0.225241
7.716302e-01 2.155153e-02 2.155153e-02 1.000000 0.775809 0.988562
8.827087e-01 2.155153e-02 2.155153e-02 1.000000 0.387935 0.069323
6.067479e-01 2.155153e-02 2.155153e-02 1.000000 0.226364 0.739379
9.098170e-01 2.155153e-02 2.155153e-02 1.000000 0.134347 0.927669
8.024493e-01 2.155153e-02 2.155153e-02 1.000000 0.553448 0.280934
9.316562e-01 2.155153e-02 2.155153e-02 1.000000 0.597455 0.642546
7.081637e-01 2.155153e-02 2.155153e-02 1.000000 0.452744 0.207370
4.354671e-01 2.155153e-02 2.155153e-02 1.000000 0.957124 0.353235
5.552841e-01 2.155153e-02 2.155153e-02 1.000000 0.410568 0.581091
5.817211e-01 2.155153e-02 2.155153e-02 1.000000 0.403837 0.451913
9.742849e-01 2.155153e-02 2.155153e-02 1.000000 0.546725 0.666151
1.998108e-01 2.155153e-02 2.155153e-02 1.000000 0.804957 0.218860
3.055751e-02 2.155153e-02 2.155153e-02 1.000000 0.003230 0.492413
6.781198e-01 2.155153e-02 2.155153e-02 1.000000 0.144208 0.110818
4.430318e-01 2.155153e-02 2.155153e-02 1.000000 0.848992 0.377293
3.499427e-01 2.155153e-02 2.155153e-02 1.000000 0.116782 0.470681
5.092668e-01 2.155153e-02 2.155153e-02 1.000000 0.478576 0.556802
6.738545e-01 2.155153e-02 2.155153e-02 1.000000 0.607885 0.287911
6.877326e-01 2.155153e-02 2.155153e-02 1.000000 0.436505 0.793527
7.995162e-01 2.155153e-02 2.155153e-02 1.000000 0.784619 0.645660
8.682740e-01 2.155153e-02 2.155153e-02 1.000000 0.644309 0.284262
7.406977e-01 2.155153e-02 2.155153e-02 1.000000 0.269105 0.993089
7.558319e-01 2.155153e-02 2.155153e-02 1.000000 0.507019 0.215858
4.053898e-01 2.155153e-02 2.155153e-02 1.000000 0.655472 0.850475
1.981200e-01 2.155153e-02 2.155153e-02 1.000000 0.736683 0.968675
1.967880e-01 2.155153e-02 2.155153e-02 1.000000 0.828743 0.607181
5.985282e-01 2.155153e-02 2.155153e-02 1.000000 0.689526 0.540700
3.295491e-01 2.155153e-02 2.155153e-02 1.000000 0.249222 0.208697
3.225120e-01 2.155153e-02 2.155153e-02 1.000000 0.556743 0.459207
6.127029e-02 2.155153e-02 2.155153e-02 1.000000 0.074955 0.899861
4.385625e-01 2.155153e-02 2.155153e-02 1.000000 0.237499 0.895927
1.039258e-01 2.155153e-02 2.155153e-02 1.000000 0.827809 0.035599
6.534441e-01 2.155153e-02 2.155153e-02 1.000000 0.050973 0.548585
1.687483e-02 2.155153e-02 2.155153e-02 1.000000 0.607177 0.281028
9.431426e-01 2.155153e-02 2.155153e-02 1.000000 0.238183 0.442799
3.070667e-01 2.155153e-02 2.155153e-02 1.000000 0.190688 0.179251
1.599271e-01 2.155153e-02 2.155153e-02 1.000000 0.687956 0.622560
8.182951e-01 2.155153e-02 2.155153e-02 1.000000 0.939295 0.028354
1.913731e-01 2.155153e-02 2.155153e-02 1.000000 0.868406 0.316569
3.648705e-01 2.155153e-02 2.155153e-02 1.000000 0.583594 0.431225
6.236793e-01 2.155153e-02 2.155153e-02 1.000000 0.191677 0.758824
9.414327e-01 2.155153e-02 2.155153e-02 1.000000 0.135157 0.331733
6.067229e-01 2.155153e-02 2.155153e-02 1.000000 0.578041 0.358615
9.099901e-01 2.155153e-02 2.155153e-02 1.000000 0.331028 0.385981
3.309367e-01 2.155153e-02 2.155153e-02 1.000000 0.206806 0.721718
4.085438e-02 2.155153e-02 2.155153e-02 1.000000 0.160369 0.455533
5.570056e-01 2.155153e-02 2.155153e-02 1.000000 0.544355 0.261564
6.911226e-01 2.155153e-02 2.155153e-02 1.000000 0.623481 0.075672
5.525097e-01 2.155153e-02 2.155153e-02 1.000000 0.235657 0.692595
2.162455e-02 2.155153e-02 2.155153e-02 1.000000 0.055226 0.810940
1.785154e-01 2.155153e-02 2.155153e-02 1.000000 0.267056 0.428203
9.898887e-01 2.155153e-02 2.155153e-02 1.000000 0.341795 0.316011
3.895678e-01 2.155153e-02 2.155153e-02 1.000000 0.100364 0.680389
9.383212e-01 2.155153e-02 2.155153e-02 1.000000 0.938870 0.583228
5.646823e-01 2.155153e-02 2.155153e-02 1.000000 0.030900 0.902101
8.157091e-02 2.155153e-02 2.155153e-02 1.000000 0.216737 0.480116
3.343243e-01 2.155153e-02 2.155153e-02 1.000000 0.836769 0.909492
7.034040e-01 2.155153e-02 2.155153e-02 1.000000 0.203934 0.359791
7.359257e-01 2.155153e-02 2.155153e-02 1.000000 0.662215 0.320774
1.085835e-01 2.155153e-02 2.155153e-02 1.000000 0.659275 0.111900
4.247371e-02 2.155153e-02 2.155153e-02 1.000000 0.555354 0.152920
8.998580e-01 2.155153e-02 2.155153e-02 1.000000 0.057942 0.840270
6.643601e-01 2.155153e-02 2.155153e-02 1.000000 0.097002 0.390825
7.057803e-02 2.155153e-02 2.155153e-02 1.000000 0.800817 0.225559
9.759425e-01 2.155153e-02 2.155153e-02 1.000000 0.001174 0.056795
2.467443e-01 2.155153e-02 2.155153e-02 1.000000 0.314178 0.742407
2.659042e-01 2.155153e-02 2.155153e-02 1.000000 0.915013 0.533786
3.249732e-01 2.155153e-02 2.155153e-02 1.000000 0.369337 0.418530
6.910074e-01 2.155153e-02 2.155153e-02 1.000000 0.440883 0.985051
6.363724e-01 2.155153e-02 2.155153e-02 1.000000 0.037896 0.375554
5.760041e-01 2.155153e-02 2.155153e-02 1.000000 0.211470 0.962074
6.810845e-01 2.155153e-02 2.155153e-02 1.000000 0.100814 0.644705
1.336641e-01 2.155153e-02 2.155153e-02 1.000000 0.837652 0.926197
5.928270e-01 2.155153e-02 2.155153e-02 1.000000 0.408796 0.331762
4.908408e-01 2.155153e-02 2.155153e-02 1.000000 0.765723 0.712554
9.928570e-01 2.155153e-02 2.155153e-02 1.000000 0.178898 0.688439
7.912678e-01 2.155153e-02 2.155153e-02 1.000000 0.630538 0.117588
2.849638e-01 2.155153e-02 2.155153e-02 1.000000 0.446935 0.261767
7.857461e-01 2.155153e-02 2.155153e-02 1.000000 0.928270 0.224038
5.043394e-01 2.155153e-02 2.155153e-02 1.000000 0.282447 0.337720
2.860662e-01 2.155153e-02 2.155153e-02 1.000000 0.919147 0.449406
4.006674e-01 2.155153e-02 2.155153e-02 1.000000 0.485733 0.240049
9.734370e-01 2.155153e-02 2.155153e-02 1.000000 0.162447 0.096178
5.102724e-01 2.155153e-02 2.155153e-02 1.000000 0.818318 0.026659
7.162696e-01 2.155153e-02 2.155153e-02 1.000000 0.361995 0.523170
9.315592e-01 2.155153e-02 2.155153e-02 1.000000 0.451666 0.653964
5.954526e-01 2.155153e-02 2.155153e-02 1.000000 0.775547 0.278386
8.356576e-01 2.155153e-02 2.155153e-02 1.000000 0.774817 0.889750
6.502099e-01 2.155153e-02 2.155153e-02 1.000000 0.092738 0.234960
4.005530e-01 2.155153e-02 2.155153e-02 1.000000 0.332768 0.585241
4.589167e-01 2.155153e-02 2.155153e-02 1.000000 0.127218 0.415234
8.507877e-01 2.155153e-02 2.155153e-02 1.000000 0.256079 0.696204
4.011416e-01 2.155153e-02 2.155153e-02 1.000000 0.807886 0.999708
5.587802e-01 2.155153e-02 2.155153e-02 1.000000 0.405677 0.600200
7.652261e-01 2.155153e-02 2.155153e-02 1.000000 0.330078 0.000924
3.320922e-01 2.155153e-02 2.155153e-02 1.000000 0.769084 0.716603
1.299197e-01 2.155153e-02 2.155153e-02 1.000000 0.165173 0.389028
4.610605e-01 2.155153e-02 2.155153e-02 1.000000 0.379108 0.499591
9.737003e-01 2.155153e-02 2.155153e-02 1.000000 0.749660 0.561420
3.051106e-01 2.155153e-02 2.155153e-02 1.000000 0.522148 0.007245
8.047985e-01 2.155153e-02 2.155153e-02 1.000000 0.606269 0.769779
8.083262e-01 2.155153e-02 2.155153e-02 1.000000 0.146462 0.559262
1.470127e-01 2.155153e-02 2.155153e-02 1.000000 0.674178 0.661982
4.891210e-01 2.155153e-02 2.155153e-02 1.000000 0.504798 0.679700
9.780994e-01 2.155153e-02 2.155153e-02 1.000000 0.357450 0.784107
4.229802e-01 2.155153e-02 2.155153e-02 1.000000 0.143050 0.289231
8.200824e-01 2.155153e-02 2.155153e-02 1.000000 0.478667 0.337972
8.161078e-01 2.155153e-02 2.155153e-02 1.000000 0.453987 0.760395
2.552747e-01 2.155153e-02 2.155153e-02 1.000000 0.793219 0.447759
7.109593e-01 2.155153e-02 2.155153e-02 1.000000 0.363501 0.095798
7.202820e-02 2.155153e-02 2.155153e-02 1.000000 0.047285 0.754382
4.531260e-01 2.155153e-02 2.155153e-02 1.000000 0.685858 0.681877
7.873312e-01 2.155153e-02 2.155153e-02 1.000000 0.534682 0.473853
7.783830e-01 2.155153e-02 2.155153e-02 1.000000 0.100155 0.527145
4.167887e-01 2.155153e-02 2.155153e-02 1.000000 0.159603 0.484591
7.814839e-01 2.155153e-02 2.155153e-02 1.000000 0.871918 0.633746
9.149230e-01 2.155153e-02 2.155153e-02 1.000000 0.286672 0.111390
4.825448e-01 2.155153e-02 2.155153e-02 1.000000 0.921613 0.414163
1.503505e-01 2.155153e-02 2.155153e-02 1.000000 0.780554 0.914664
8.018622e-01 2.155153e-02 2.155153e-02 1.000000 0.698447 0.493632
7.876064e-01 2.155153e-02 2.155153e-02 1.000000 0.631598 0.628857
9.539333e-01 2.155153e-02 2.155153e-02 1.000000 0.011341 0.539723
8.383682e-01 2.155153e-02 2.155153e-02 1.000000 0.652127 0.460858
9.384137e-01 2.155153e-02 2.155153e-02 1.000000 0.446696 0.420804
3.651327e-01 2.155153e-02 2.155153e-02 1.000000 0.343780 0.566498
5.923937e-01 2.155153e-02 2.155153e-02 1.000000 0.096589 0.027454
4.312749e-01 2.155153e-02 2.155153e-02 1.000000 0.217552 0.793245
5.473786e-01 2.155153e-02 2.155153e-02 1.000000 0.604068 0.135404
4.941607e-01 2.155153e-02 2.155153e-02 1.000000 0.068450 0.722337
7.315774e-01 2.155153e-02 2.155153e-02 1.000000 0.777207 0.722061
9.028861e-01 2.155153e-02 2.155153e-02 1.000000 0.459376 0.665591
1.929401e-01 2.155153e-02 2.155153e-02 1.000000 0.345421 0.953443
1.863482e-02 2.155153e-02 2.155153e-02 1.000000 0.571645 0.685125
6.529243e-01 2.155153e-02 2.155153e-02 1.000000 0.389724 0.158604
6.780640e-01 2.155153e-02 2.155153e-02 1.000000 0.699979 0.510585
6.044362e-01 2.155153e-02 2.155153e-02 1.000000 0.087998 0.874809
7.783093e-01 2.155153e-02 2.155153e-02 1.000000 0.268678 0.681551
6.037837e-01 2.155153e-02 2.155153e-02 1.000000 0.044477 0.843339
2.061729e-01 2.155153e-02 2.155153e-02 1.000000 0.975686 0.527954
8.960513e-01 2.155153e-02 2.155153e-02 1.000000 0.444307 0.155922
4.551132e-01 2.155153e-02 2.155153e-02 1.000000 0.086597 0.600858
3.453788e-01 2.155153e-02 2.155153e-02 1.000000 0.847848 0.549961
3.833380e-01 2.155153e-02 2.155153e-02 1.000000 0.799904 0.444987
1.366006e-02 2.155153e-02 2.155153e-02 1.000000 0.067455 0.028865
6.412092e-01 2.155153e-02 2.155153e-02 1.000000 0.900638 0.595221
6.812659e-01 2.155153e-02 2.155153e-02 1.000000 0.160709 0.723232
7.557951e-01 2.155153e-02 2.155153e-02 1.000000 0.331505 0.821615
6.645587e-01 2.155153e-02 2.155153e-02 1.000000 0.791599 0.649587
5.710830e-01 2.155153e-02 2.155153e-02 1.000000 0.678219 0.800419
8.997782e-01 2.155153e-02 2.155153e-02 1.000000 0.848756 0.179249
4.352176e-01 2.155153e-02 2.155153e-02 1.000000 0.223045 0.465681
7.982295e-01 2.155153e-02 2.155153e-02 1.000000 0.667772 0.816678
4.063700e-01 2.155153e-02 2.155153e-02 1.000000 0.875975 0.692394
7.255817e-01 2.155153e-02 2.155153e-02 1.000000 0.467954 0.830143
8.368180e-01 2.155153e-02 2.155153e-02 1.000000 0.156468 0.729097
7.106492e-03 2.155153e-02 2.155153e-02 1.000000 0.050743 0.292163
7.088177e-01 2.155153e-02 2.155153e-02 1.000000 0.587717 0.668671
9.698052e-01 2.155153e-02 2.155153e-02 1.000000 0.730174 0.793073
3.792153e-01 2.155153e-02 2.155153e-02 1.000000 0.661800 0.790064
4.544740e-01 2.155153e-02 2.155153e-02 1.000000 0.223610 0.498323
6.141925e-01 2.155153e-02 2.155153e-02 1.000000 0.184065 0.642923
1.473890e-01 2.155153e-02 2.155153e-02 1.000000 0.560831 0.936521
3.689141e-01 2.155153e-02 2.155153e-02 1.000000 0.310376 0.589657
8.539337e-02 2.155153e-02 2.155153e-02 1.000000 0.748311 0.184324
8.291136e-01 2.155153e-02 2.155153e-02 1.000000 0.868632 0.999604
6.436036e-01 2.155153e-02 2.155153e-02 1.000000 0.149097 0.671037
9.863849e-01 2.155153e-02 2.155153e-02 1.000000 0.940863 0.597291
1.256819e-01 2.155153e-02 2.155153e-02 1.000000 0.117349 0.474926
3.472067e-01 2.155153e-02 2.155153e-02 1.000000 0.807061 0.686760
4.554725e-01 2.155153e-02 2.155153e-02 1.000000 0.982731 0.019931
3.135572e-01 2.155153e-02 2.155153e-02 1.000000 0.745156 0.195465
4.481070e-01 2.155153e-02 2.155153e-02 1.000000 0.986977 0.745838
7.915132e-01 2.155153e-02 2.155153e-02 1.000000 0.867602 0.274423
9.454994e-01 2.155153e-02 2.155153e-02 1.000000 0.347602 0.719122
6.808498e-01 2.155153e-02 2.155153e-02 1.000000 0.185659 0.867974
3.107465e-01 2.155153e-02 2.155153e-02 1.000000 0.152833 0.179695
6.500490e-01 2.155153e-02 2.155153e-02 1.000000 0.173592 0.464239
7.458151e-01 2.155153e-02 2.155153e-02 1.000000 0.182560 0.147633
9.353905e-01 2.155153e-02 2.155153e-02 1.000000 0.381871 0.184827
9.677368e-01 2.155153e-02 2.155153e-02 1.000000 0.561838 0.743694
9.944779e-01 2.155153e-02 2.155153e-02 1.000000 0.748864 0.251045
3.534235e-01 2.155153e-02 2.155153e-02 1.000000 0.692916 0.787001
3.491558e-01 2.155153e-02 2.155153e-02 1.000000 0.222534 0.732610
5.184669e-01 2.155153e-02 2.155153e-02 1.000000 0.963246 0.906375
9.790184e-01 2.155153e-02 2.155153e-02 1.000000 0.125561 0.994028
1.773928e-01 2.155153e-02 2.155153e-02 1.000000 0.897302 0.312486
2.095538e-01 2.155153e-02 2.155153e-02 1.000000 0.286164 0.033425
6.382110e-01 2.155153e-02 2.155153e-02 1.000000 0.650065 0.125729
7.045713e-01 2.155153e-02 2.155153e-02 1.000000 0.030383 0.037890
7.841717e-01 2.155153e-02 2.155153e-02 1.000000 0.147470 0.840938
9.272062e-02 2.155153e-02 2.155153e-02 1.000000 0.672541 0.720858
2.123001e-01 2.155153e-02 2.155153e-02 1.000000 0.103598 0.549787
3.447856e-01 2.155153e-02 2.155153e-02 1.000000 0.757885 0.827652
9.672755e-01 2.155153e-02 2.155153e-02 1.000000 0.051163 0.594073
6.706450e-01 2.155153e-02 2.155153e-02 1.000000 0.322784 0.563855
2.638117e-01 2.155153e-02 2.155153e-02 1.000000 0.747146 0.414681
6.086083e-01 2.155153e-02 2.155153e-02 1.000000 0.875413 0.022367
2.548244e-01 2.155153e-02 2.155153e-02 1.000000 0.909365 0.305506
2.187661e-02 2.155153e-02 2.155153e-02 1.000000 0.071537 0.329891
6.801221e-01 2.155153e-02 2.155153e-02 1.000000 0.292540 0.098510
8.449320e-01 2.155153e-02 2.155153e-02 1.000000 0.789094 0.471549
1.454469e-01 2.155153e-02 2.155153e-02 1.000000 0.640434 0.706826
6.468833e-01 2.155153e-02 2.155153e-02 1.000000 0.983477 0.081342
4.149108e-01 2.155153e-02 2.155153e-02 1.000000 0.647429 0.378060
9.370794e-01 2.155153e-02 2.155153e-02 1.000000 0.796597 0.390275
4.153169e-01 2.155153e-02 2.155153e-02 1.000000 0.663500 0.840897
9.658313e-01 2.155153e-02 2.155153e-02 1.000000 0.020892 0.431009
8.837075e-01 2.155153e-02 2.155153e-02 1.000000 0.903528 0.799824
3.920484e-01 2.155153e-02 2.155153e-02 1.000000 0.385205 0.901011
9.862822e-01 2.155153e-02 2.155153e-02 1.000000 0.052029 0.936705
8.272097e-01 2.155153e-02 2.155153e-02 1.000000 0.601297 0.235245
3.719921e-02 2.155153e-02 2.155153e-02 1.000000 0.440065 0.219616
1.113568e-01 2.155153e-02 2.155153e-02 1.000000 0.089454 0.142060
8.891814e-01 2.155153e-02 2.155153e-02 1.000000 0.187133 0.570394
2.140260e-01 2.155153e-02 2.155153e-02 1.000000 0.101828 0.182554
8.112225e-02 2.155153e-02 2.155153e-02 1.000000 0.516358 0.151761
2.449458e-01 2.155153e-02 2.155153e-02 1.000000 0.084885 0.764807
1.614682e-01 2.155153e-02 2.155153e-02 1.000000 0.404343 0.550576
3.605865e-01 2.155153e-02 2.155153e-02 1.000000 0.940545 0.005977
4.213370e-01 2.155153e-02 2.155153e-02 1.000000 0.763312 0.310999
9.738826e-01 2.155153e-02 2.155153e-02 1.000000 0.923547 0.978877
8.559608e-01 2.155153e-02 2.155153e-02 1.000000 0.468414 0.322183
2.120539e-01 2.155153e-02 2.155153e-02 1.000000 0.302609 0.132103
7.619874e-01 2.155153e-02 2.155153e-02 1.000000 0.576051 0.410709
7.997190e-02 2.155153e-02 2.155153e-02 1.000000 0.425913 0.948233
5.055833e-01 2.155153e-02 2.155153e-02 1.000000 0.481633 0.907703
5.720297e-01 2.155153e-02 2.155153e-02 1.000000 0.953056 0.603309
5.045634e-01 2.155153e-02 2.155153e-02 1.000000 0.720900 0.605479
9.699773e-01 2.155153e-02 2.155153e-02 1.000000 0.203872 0.423481
4.844787e-01 2.155153e-02 2.155153e-02 1.000000 0.344346 0.408786
1.315224e-01 2.155153e-02 2.155153e-02 1.000000 0.643201 0.287339
4.970807e-02 2.155153e-02 2.155153e-02 1.000000 0.743295 0.432311
2.836208e-01 2.155153e-02 2.155153e-02 1.000000 0.173052 0.339761
7.661146e-02 2.155153e-02 2.155153e-02 1.000000 0.439426 0.144550
5.917869e-01 2.155153e-02 2.155153e-02 1.000000 0.704400 0.123770
6.481687e-01 2.155153e-02 2.155153e-02 1.000000 0.728879 0.500375
5.319814e-01 2.155153e-02 2.155153e-02 1.000000 0.072285 0.516705
1.570505e-01 2.155153e-02 2.155153e-02 1.000000 0.177335 0.689473
6.268546e-01 2.155153e-02 2.155153e-02 1.000000 0.720038 0.584082
7.873043e-01 2.155153e-02 2.155153e-02 1.000000 0.010198 0.261840
3.478798e-01 2.155153e-02 2.155153e-02 1.000000 0.507989 0.264177
1.331525e-01 2.155153e-02 2.155153e-02 1.000000 0.591763 0.464650
9.325538e-02 2.155153e-02 2.155153e-02 1.000000 0.292930 0.992613
6.188312e-01 2.155153e-02 2.155153e-02 1.000000 0.653988 0.588632
4.860351e-01 2.155153e-02 2.155153e-02 1.000000 0.180186 0.084077
6.342462e-01 2.155153e-02 2.155153e-02 1.000000 0.612544 0.663380
2.742121e-01 2.155153e-02 2.155153e-02 1.000000 0.438812 0.163256
9.234083e-01 2.155153e-02 2.155153e-02 1.000000 0.836108 0.613899
2.509942e-02 2.155153e-02 2.155153e-02 1.000000 0.374330 0.051046
7.733393e-01 2.155153e-02 2.155153e-02 1.000000 0.466623 0.579816
8.501172e-01 2.155153e-02 2.155153e-02 1.000000 0.825079 0.911504
1.838035e-02 2.155153e-02 2.155153e-02 1.000000 0.472672 0.820200
7.417119e-02 2.155153e-02 2.155153e-02 1.000000 0.195179 0.628695
3.839942e-01 2.155153e-02 2.155153e-02 1.000000 0.903219 0.479440
3.254891e-01 2.155153e-02 2.155153e-02 1.000000 0.743513 0.764326
2.373127e-01 2.155153e-02 2.155153e-02 1.000000 0.485683 0.814692
9.156670e-01 2.155153e-02 2.155153e-02 1.000000 0.009412 0.186830
1.798007e-01 2.155153e-02 2.155153e-02 1.000000 0.502055 0.192174
7.321005e-01 2.155153e-02 2.155153e-02 1.000000 0.528140 0.982551
2.160481e-02 2.155153e-02 2.155153e-02 1.000000 0.200201 0.199199
6.720460e-02 2.155153e-02 2.155153e-02 1.000000 0.218973 0.853158
8.662757e-01 2.155153e-02 2.155153e-02 1.000000 0.606118 0.222988
6.630021e-01 2.155153e-02 2.155153e-02 1.000000 0.478712 0.179501
7.758685e-01 2.155153e-02 2.155153e-02 1.000000 0.760710 0.526449
1.348472e-01 2.155153e-02 2.155153e-02 1.000000 0.040387 0.748351
9.920020e-01 2.155153e-02 2.155153e-02 1.000000 0.890109 0.953644
6.026596e-01 2.155153e-02 2.155153e-02 1.000000 0.191196 0.197280
6.238787e-01 2.155153e-02 2.155153e-02 1.000000 0.030139 0.999526
3.751222e-01 2.155153e-02 2.155153e-02 1.000000 0.774149 0.532798
7.741669e-01 2.155153e-02 2.155153e-02 1.000000 0.073327 0.074998
8.810784e-01 2.155153e-02 2.155153e-02 1.000000 0.235313 0.266260
1.668279e-01 2.155153e-02 2.155153e-02 1.000000 0.531393 0.270161
2.211850e-01 2.155153e-02 2.155153e-02 1.000000 0.053347 0.220162
7.391269e-01 2.155153e-02 2.155153e-02 1.000000 0.941633 0.823840
3.296802e-01 2.155153e-02 2.155153e-02 1.000000 0.662283 0.366355
8.957939e-01 2.155153e-02 2.155153e-02 1.000000 0.122559 0.831260
3.154401e-01 2.155153e-02 2.155153e-02 1.000000 0.644490 0.837640
8.898408e-01 2.155153e-02 2.155153e-02 1.000000 0.862976 0.884172
1.301635e-01 2.155153e-02 2.155153e-02 1.000000 0.928053 0.265377
2.408306e-01 2.155153e-02 2.155153e-02 1.000000 0.318263 0.939565
7.184211e-01 2.155153e-02 2.155153e-02 1.000000 0.680127 0.850375
7.818111e-01 2.155153e-02 2.155153e-02 1.000000 0.108656 0.797600
8.316630e-01 2.155153e-02 2.155153e-02 1.000000 0.779462 0.001583
4.477820e-01 2.155153e-02 2.155153e-02 1.000000 0.080906 0.269690
1.229776e-01 2.155153e-02 2.155153e-02 1.000000 0.358318 0.778168
8.851758e-01 2.155153e-02 2.155153e-02 1.000000 0.900277 0.412749
4.531803e-01 2.155153e-02 2.155153e-02 1.000000 0.424560 0.089519
2.350831e-02 2.155153e-02 2.155153e-02 1.000000 0.874663 0.689113
9.597757e-01 2.155153e-02 2.155153e-02 1.000000 0.161861 0.376217
6.378654e-01 2.155153e-02 2.155153e-02 1.000000 0.112907 0.993356
3.176855e-01 2.155153e-02 2.155153e-02 1.000000 0.628805 0.681778
7.583812e-01 2.155153e-02 2.155153e-02 1.000000 0.270427 0.035411
8.063816e-01 2.155153e-02 2.155153e-02 1.000000 0.980881 0.717379
9.937963e-01 2.155153e-02 2.155153e-02 1.000000 0.968214 0.435106
4.805170e-01 2.155153e-02 2.155153e-02 1.000000 0.332557 0.742301
3.853856e-01 2.155153e-02 2.155153e-02 1.000000 0.924449 0.757332
8.196790e-01 2.155153e-02 2.155153e-02 1.000000 0.488349 0.160101
5.677889e-01 2.155153e-02 2.155153e-02 1.000000 0.008725 0.447415
1.299194e-01 2.155153e-02 2.155153e-02 1.000000 0.777094 0.464629
9.493035e-01 2.155153e-02 2.155153e-02 1.000000 0.713069 0.708411
8.864376e-01 2.155153e-02 2.155153e-02 1.000000 0.900763 0.492571
6.233931e-01 2.155153e-02 2.155153e-02 1.000000 0.847896 0.356243
8.235971e-01 2.155153e-02 2.155153e-02 1.000000 0.390869 0.883767
1.981136e-01 2.155153e-02 2.155153e-02 1.000000 0.918434 0.160976
4.416647e-01 2.155153e-02 2.155153e-02 1.000000 0.872286 0.050144
9.171361e-01 2.155153e-02 2.155153e-02 1.000000 0.552356 0.743852
5.784479e-01 2.155153e-02 2.155153e-02 1.000000 0.105213 0.073488
1.201230e-01 2.155153e-02 2.155153e-02 1.000000 0.390212 0.882468
5.063331e-01 2.155153e-02 2.155153e-02 1.000000 0.866883 0.074700
4.064025e-02 2.155153e-02 2.155153e-02 1.000000 0.869551 0.774146
6.257993e-02 2.155153e-02 2.155153e-02 1.000000 0.988288 0.962248
1.608996e-01 2.155153e-02 2.155153e-02 1.000000 0.070976 0.336170
2.982348e-01 2.155153e-02 2.155153e-02 1.000000 0.823894 0.990426
6.485428e-01 2.155153e-02 2.155153e-02 1.000000 0.523290 0.715757
4.631402e-01 2.155153e-02 2.155153e-02 1.000000 0.001186 0.626143
9.602281e-01 2.155153e-02 2.155153e-02 1.000000 0.474586 0.997883
4.225732e-02 2.155153e-02 2.155153e-02 1.000000 0.764934 0.479955
3.427501e-01 2.155153e-02 2.155153e-02 1.000000 0.697497 0.393514
6.308630e-01 2.155153e-02 2.155153e-02 1.000000 0.366142 0.366717
1.162509e-01 2.155153e-02 2.155153e-02 1.000000 0.418929 0.258109
3.148563e-01 2.155153e-02 2.155153e-02 1.000000 0.583968 0.946634
8.030482e-01 2.155153e-02 2.155153e-02 1.000000 0.146103 0.123341
8.743872e-02 2.155153e-02 2.155153e-02 1.000000 0.430132 0.496682
2.668902e-01 2.155153e-02 2.155153e-02 1.000000 0.898306 0.735163
9.520525e-01 2.155153e-02 2.155153e-02 1.000000 0.253497 0.350809
1.948624e-01 2.155153e-02 2.155153e-02 1.000000 0.628374 0.812627
1.909060e-01 2.155153e-02 2.155153e-02 1.000000 0.789893 0.053053
6.850620e-01 2.155153e-02 2.155153e-02 1.000000 0.099740 0.205618
8.342626e-01 2.155153e-02 2.155153e-02 1.000000 0.038600 0.901527
1.983285e-02 2.155153e-02 2.155153e-02 1.000000 0.819615 0.857040
1.187878e-01 2.155153e-02 2.155153e-02 1.000000 0.052021 0.219419
2.049783e-01 2.155153e-02 2.155153e-02 1.000000 0.622311 0.963871
2.272666e-01 2.155153e-02 2.155153e-02 1.000000 0.329649 0.513470
7.458942e-01 2.155153e-02 2.155153e-02 1.000000 0.911862 0.183266
4.984807e-01 2.155153e-02 2.155153e-02 1.000000 0.104080 0.974828
8.646415e-01 2.155153e-02 2.155153e-02 1.000000 0.828077 0.743684
2.356118e-01 2.155153e-02 2.155153e-02 1.000000 0.613254 0.401226
6.067892e-01 2.155153e-02 2.155153e-02 1.000000 0.771692 0.049561
9.865270e-01 2.155153e-02 2.155153e-02 1.000000 0.011161 0.077123
6.168946e-01 2.155153e-02 2.155153e-02 1.000000 0.171210 0.496711
5.367976e-01 2.155153e-02 2.155153e-02 1.000000 0.950019 0.345336
5.090091e-01 2.155153e-02 2.155153e-02 1.000000 0.821645 0.325275
5.047524e-01 2.155153e-02 2.155153e-02 1.000000 0.792199 0.656748
2.382380e-01 2.155153e-02 2.155153e-02 1.000000 0.932299 0.615827
6.236488e-01 2.155153e-02 2.155153e-02 1.000000 0.544535 0.530692
8.451673e-01 2.155153e-02 2.155153e-02 1.000000 0.536247 0.695755
3.505706e-01 2.155153e-02 2.155153e-02 1.000000 0.350338 0.163817
8.624277e-01 2.155153e-02 2.155153e-02 1.000000 0.651758 0.850001
3.257099e-01 2.155153e-02 2.155153e-02 1.000000 0.648071 0.328682
6.496278e-01 2.155153e-02 2.155153e-02 1.000000 0.821785 0.793884
5.049441e-01 2.155153e-02 2.155153e-02 1.000000 0.651884 0.765248
3.716872e-01 2.155153e-02 2.155153e-02 1.000000 0.191919 0.997083
6.462130e-01 2.155153e-02 2.155153e-02 1.000000 0.250055 0.384323
3.895867e-01 2.155153e-02 2.155153e-02 1.000000 0.299581 0.202126
5.161747e-01 2.155153e-02 2.155153e-02 1.000000 0.254746 0.175111
5.883690e-01 2.155153e-02 2.155153e-02 1.000000 0.461656 0.447099
2.971245e-01 2.155153e-02 2.155153e-02 1.000000 0.061242 0.344801
1.575787e-01 2.155153e-02 2.155153e-02 1.000000 0.568426 0.437633
3.295420e-01 2.155153e-02 2.155153e-02 1.000000 0.039705 0.285634
2.814063e-01 2.155153e-02 2.155153e-02 1.000000 0.859349 0.773165
2.321388e-01 2.155153e-02 2.155153e-02 1.000000 0.518271 0.879920
3.928394e-01 2.155153e-02 2.155153e-02 1.000000 0.841156 0.363743
5.010686e-01 2.155153e-02 2.155153e-02 1.000000 0.635163 0.202235
7.471739e-01 2.155153e-02 2.155153e-02 1.000000 0.610967 0.994436
2.739653e-01 2.155153e-02 2.155153e-02 1.000000 0.838341 0.962451
7.151020e-01 2.155153e-02 2.155153e-02 1.000000 0.098722 0.597137
6.033204e-01 2.155153e-02 2.155153e-02 1.000000 0.976564 0.960179
3.943894e-01 2.155153e-02 2.155153e-02 1.000000 0.557833 0.615194
4.570880e-01 2.155153e-02 2.155153e-02 1.000000 0.352565 0.766158
2.696577e-01 2.155153e-02 2.155153e-02 1.000000 0.147787 0.243014
3.216700e-01 2.155153e-02 2.155153e-02 1.000000 0.282305 0.777118
8.062861e-01 2.155153e-02 2.155153e-02 1.000000 0.884764 0.297285
7.783625e-01 2.155153e-02 2.155153e-02 1.000000 0.254467 0.814485
7.672930e-01 2.155153e-02 2.155153e-02 1.000000 0.262906 0.751465
7.351609e-01 2.155153e-02 2.155153e-02 1.000000 0.763805 0.047911
1.678655e-01 2.155153e-02 2.155153e-02 1.000000 0.642955 0.115211
5.146239e-01 2.155153e-02 2.155153e-02 1.000000 0.929150 0.970918
5.024096e-01 2.155153e-02 2.155153e-02 1.000000 0.336139 0.650659
5.864796e-01 2.155153e-02 2.155153e-02 1.000000 0.505968 0.364941
8.856999e-01 2.155153e-02 2.155153e-02 1.000000 0.432887 0.264721
6.336347e-01 2.155153e-02 2.155153e-02 1.000000 0.343676 0.527148
3.923825e-01 2.155153e-02 2.155153e-02 1.000000 0.037911 0.470664
6.259123e-01 2.155153e-02 2.155153e-02 1.000000 0.361385 0.038442
1.160620e-01 2.155153e-02 2.155153e-02 1.000000 0.527336 0.061109
7.553307e-01 2.155153e-02 2.155153e-02 1.000000 0.523958 0.391119
7.487992e-01 2.155153e-02 2.155153e-02 1.000000 0.342953 0.268205
8.814404e-01 2.155153e-02 2.155153e-02 1.000000 0.028566 0.825613
7.038042e-01 2.155153e-02 2.155153e-02 1.000000 0.952787 0.268631
6.214700e-01 2.155153e-02 2.155153e-02 1.000000 0.986408 0.495434
2.389471e-01 2.155153e-02 2.155153e-02 1.000000 0.605266 0.793546
2.161490e-02 2.155153e-02 2.155153e-02 1.000000 0.969705 0.499867
6.139993e-01 2.155153e-02 2.155153e-02 1.000000 0.047900 0.332265
8.876382e-01 2.155153e-02 2.155153e-02 1.000000 0.359161 0.572582
1.445792e-01 2.155153e-02 2.155153e-02 1.000000 0.873082 0.303779
3.153567e-01 2.155153e-02 2.155153e-02 1.000000 0.914888 0.164167
8.895610e-01 2.155153e-02 2.155153e-02 1.000000 0.289134 0.858657
1.679197e-01 2.155153e-02 2.155153e-02 1.000000 0.956453 0.068551
3.721655e-01 2.155153e-02 2.155153e-02 1.000000 0.901480 0.252738
8.295773e-01 2.155153e-02 2.155153e-02 1.000000 0.279606 0.340414
2.406635e-02 2.155153e-02 2.155153e-02 1.000000 0.634720 0.681963
6.294370e-02 2.155153e-02 2.155153e-02 1.000000 0.011074 0.535278
3.464349e-01 2.155153e-02 2.155153e-02 1.000000 0.602811 0.439097
5.541398e-01 2.155153e-02 2.155153e-02 1.000000 0.846813 0.327844
1.776070e-01 2.155153e-02 2.155153e-02 1.000000 0.309326 0.006459
8.342656e-01 2.155153e-02 2.155153e-02 1.000000 0.418124 0.200507
7.383541e-01 2.155153e-02 2.155153e-02 1.000000 0.729141 0.011765
3.673317e-01 2.155153e-02 2.155153e-02 1.000000 0.554998 0.061835
5.093466e-01 2.155153e-02 2.155153e-02 1.000000 0.173430 0.851960
4.379463e-01 2.155153e-02 2.155153e-02 1.000000 0.731280 0.653034
9.682538e-01 2.155153e-02 2.155153e-02 1.000000 0.049364 0.394823
9.385646e-01 2.155153e-02 2.155153e-02 1.000000 0.263068 0.130177
7.826030e-01 2.155153e-02 2.155153e-02 1.000000 0.759058 0.271397
6.787016e-01 2.155153e-02 2.155153e-02 1.000000 0.072098 0.117781
9.464520e-01 2.155153e-02 2.155153e-02 1.000000 0.005219 0.804180
8.893592e-01 2.155153e-02 2.155153e-02 1.000000 0.749411 0.090541
5.647651e-01 2.155153e-02 2.155153e-02 1.000000 0.273536 0.515379
3.487259e-01 2.155153e-02 2.155153e-02 1.000000 0.148517 0.424769
1.024243e-01 2.155153e-02 2.155153e-02 1.000000 0.686865 0.537084
7.677565e-02 2.155153e-02 2.155153e-02 1.000000 0.486561 0.992540
6.051773e-01 2.155153e-02 2.155153e-02 1.000000 0.234127 0.724101
2.977613e-01 2.155153e-02 2.155153e-02 1.000000 0.004175 0.263148
4.400933e-01 2.155153e-02 2.155153e-02 1.000000 0.319828 0.258461
5.220085e-01 2.155153e-02 2.155153e-02 1.000000 0.346945 0.319015
7.174409e-02 2.155153e-02 2.155153e-02 1.000000 0.441402 0.977349
1.034281e-01 2.155153e-02 2.155153e-02 1.000000 0.056786 0.960165
9.815472e-01 2.155153e-02 2.155153e-02 1.000000 0.090201 0.237995
2.887113e-02 2.155153e-02 2.155153e-02 1.000000 0.807498 0.404032
8.118617e-01 2.155153e-02 2.155153e-02 1.000000 0.058254 0.940102
7.406902e-01 2.155153e-02 2.155153e-02 1.000000 0.396363 0.374716
6.317230e-01 2.155153e-02 2.155153e-02 1.000000 0.088618 0.482761
9.015459e-01 2.155153e-02 2.155153e-02 1.000000 0.577802 0.969315
4.572414e-01 2.155153e-02 2.155153e-02 1.000000 0.801459 0.333861
1.270996e-01 2.155153e-02 2.155153e-02 1.000000 0.017917 0.186752
6.690689e-02 2.155153e-02 2.155153e-02 1.000000 0.613992 0.511977
4.878748e-01 2.155153e-02 2.155153e-02 1.000000 0.923921 0.033229
7.318931e-01 2.155153e-02 2.155153e-02 1.000000 0.213691 0.317371
8.718876e-01 2.155153e-02 2.155153e-02 1.000000 0.274784 0.853788
2.803724e-01 2.155153e-02 2.155153e-02 1.000000 0.079488 0.463274
5.676124e-02 2.155153e-02 2.155153e-02 1.000000 0.982860 0.389877
7.383833e-01 2.155153e-02 2.155153e-02 1.000000 0.526161 0.572048
7.130003e-01 2.155153e-02 2.155153e-02 1.000000 0.534274 0.538633
7.583787e-01 2.155153e-02 2.155153e-02 1.000000 0.091893 0.277093
4.733970e-02 2.155153e-02 2.155153e-02 1.000000 0.318366 0.951132
2.517252e-01 2.155153e-02 2.155153e-02 1.000000 0.434157 0.397038
6.281895e-02 2.155153e-02 2.155153e-02 1.000000 0.492643 0.074685
1.802881e-01 2.155153e-02 2.155153e-02 1.000000 0.171239 0.365282
9.473094e-01 2.155153e-02 2.155153e-02 1.000000 0.088428 0.823842
4.095686e-01 2.155153e-02 2.155153e-02 1.000000 0.933216 0.085527
3.245087e-01 2.155153e-02 2.155153e-02 1.000000 0.169454 0.169497
7.292272e-01 2.155153e-02 2.155153e-02 1.000000 0.225813 0.547793
5.049425e-01 2.155153e-02 2.155153e-02 1.000000 0.020389 0.763704
6.085824e-01 2.155153e-02 2.155153e-02 1.000000 0.160144 0.219105
8.349738e-02 2.155153e-02 2.155153e-02 1.000000 0.263738 0.769631
8.892794e-01 2.155153e-02 2.155153e-02 1.000000 0.699850 0.337701
4.404827e-01 2.155153e-02 2.155153e-02 1.000000 0.570690 0.182873
4.089176e-01 2.155153e-02 2.155153e-02 1.000000 0.691508 0.548353
7.917644e-01 2.155153e-02 2.155153e-02 1.000000 0.949036 0.965397
6.742376e-01 2.155153e-02 2.155153e-02 1.000000 0.760433 0.249418
2.770866e-01 2.155153e-02 2.155153e-02 1.000000 0.370625 0.271107
9.981237e-01 2.155153e-02 2.155153e-02 1.000000 0.242792 0.509474
9.821676e-01 2.155153e-02 2.155153e-02 1.000000 0.753687 0.118148
4.795370e-01 2.155153e-02 2.155153e-02 1.000000 0.275887 0.206985
8.257124e-01 2.155153e-02 2.155153e-02 1.000000 0.402791 0.309140
5.351347e-01 2.155153e-02 2.155153e-02 1.000000 0.558055 0.320635
1.141119e-01 2.155153e-02 2.155153e-02 1.000000 0.353715 0.422043
5.292089e-01 2.155153e-02 2.155153e-02 1.000000 0.584873 0.906105
5.323192e-01 2.155153e-02 2.155153e-02 1.000000 0.137114 0.936284
2.613174e-01 2.155153e-02 2.155153e-02 1.000000 0.363222 0.603096
7.220284e-01 2.155153e-02 2.155153e-02 1.000000 0.132372 0.945480
9.254239e-02 2.155153e-02 2.155153e-02 1.000000 0.484110 0.059587
9.951967e-01 2.155153e-02 2.155153e-02 1.000000 0.255910 0.815524
5.247735e-01 2.155153e-02 2.155153e-02 1.000000 0.008293 0.759415
7.411207e-01 2.155153e-02 2.155153e-02 1.000000 0.599390 0.826763
3.501260e-01 2.155153e-02 2.155153e-02 1.000000 0.994041 0.155568
8.982409e-01 2.155153e-02 2.155153e-02 1.000000 0.419335 0.777997
1.643359e-01 2.155153e-02 2.155153e-02 1.000000 0.749694 0.709273
2.218931e-01 2.155153e-02 2.155153e-02 1.000000 0.212232 0.825726
7.308042e-01 2.155153e-02 2.155153e-02 1.000000 0.834997 0.917825
9.603599e-02 2.155153e-02 2.155153e-02 1.000000 0.177367 0.793640
7.489306e-01 2.155153e-02 2.155153e-02 1.000000 0.054675 0.660154
7.591884e-01 2.155153e-02 2.155153e-02 1.000000 0.708601 0.866756
8.236563e-01 2.155153e-02 2.155153e-02 1.000000 0.721758 0.559529
9.880733e-01 2.155153e-02 2.155153e-02 1.000000 0.909942 0.939291
4.027645e-01 2.155153e-02 2.155153e-02 1.000000 0.021731 0.591670
3.879197e-01 2.155153e-02 2.155153e-02 1.000000 0.874861 0.782449
3.446776e-01 2.155153e-02 2.155153e-02 1.000000 0.833052 0.634553
4.274816e-01 2.155153e-02 2.155153e-02 1.000000 0.473024 0.428769
7.876523e-01 2.155153e-02 2.155153e-02 1.000000 0.720046 0.570622
6.969209e-01 2.155153e-02 2.155153e-02 1.000000 0.958787 0.024977
4.436521e-02 2.155153e-02 2.155153e-02 1.000000 0.182318 0.936194
2.481973e-01 2.155153e-02 2.155153e-02 1.000000 0.357633 0.521627
2.967211e-01 2.155153e-02 2.155153e-02 1.000000 0.750983 0.902511
2.774090e-01 2.155153e-02 2.155153e-02 1.000000 0.689042 0.431024
4.815149e-01 2.155153e-02 2.155153e-02 1.000000 0.393116 0.608646
8.726287e-01 2.155153e-02 2.155153e-02 1.000000 0.328344 0.551930
8.473940e-01 2.155153e-02 2.155153e-02 1.000000 0.016733 0.878166
4.108163e-01 2.155153e-02 2.155153e-02 1.000000 0.659777 0.594801
7.102608e-01 2.155153e-02 2.155153e-02 1.000000 0.758089 0.370370
1.522739e-02 2.155153e-02 2.155153e-02 1.000000 0.807591 0.851973
8.781852e-01 2.155153e-02 2.155153e-02 1.000000 0.414753 0.433902
6.136237e-01 2.155153e-02 2.155153e-02 1.000000 0.450319 0.244416
4.004959e-01 2.155153e-02 2.155153e-02 1.000000 0.924839 0.183372
1.544273e-01 2.155153e-02 2.155153e-02 1.000000 0.923143 0.498495
5.104229e-01 2.155153e-02 2.155153e-02 1.000000 0.557596 0.378803
8.160042e-01 2.155153e-02 2.155153e-02 1.000000 0.418027 0.699529
1.335270e-01 2.155153e-02 2.155153e-02 1.000000 0.540858 0.493019
2.718696e-01 2.155153e-02 2.155153e-02 1.000000 0.575104 0.011129
7.114412e-01 2.155153e-02 2.155153e-02 1.000000 0.781310 0.736860
4.420911e-01 2.155153e-02 2.155153e-02 1.000000 0.278507 0.723300
1.704026e-01 2.155153e-02 2.155153e-02 1.000000 0.556245 0.980823
1.045734e-01 2.155153e-02 2.155153e-02 1.000000 0.649519 0.182579
1.700727e-01 2.155153e-02 2.155153e-02 1.000000 0.441659 0.062815
2.124139e-01 2.155153e-02 2.155153e-02 1.000000 0.873891 0.618357
7.637636e-01 2.155153e-02 2.155153e-02 1.000000 0.339462 0.436247
6.272453e-01 2.155153e-02 2.155153e-02 1.000000 0.213929 0.564587
8.822102e-01 2.155153e-02 2.155153e-02 1.000000 0.824528 0.116202
3.333435e-01 2.155153e-02 2.155153e-02 1.000000 0.780031 0.454661
2.735464e-01 2.155153e-02 2.155153e-02 1.000000 0.687347 0.971746
2.068459e-02 2.155153e-02 2.155153e-02 1.000000 0.924471 0.502698
8.781823e-02 2.155153e-02 2.155153e-02 1.000000 0.215948 0.876534
7.861858e-01 2.155153e-02 2.155153e-02 1.000000 0.049053 0.337274
8.584858e-02 2.155153e-02 2.155153e-02 1.000000 0.681440 0.879037
9.787808e-01 2.155153e-02 2.155153e-02 1.000000 0.794395 0.756103
2.612086e-01 2.155153e-02 2.155153e-02 1.000000 0.489685 0.727747
7.396391e-01 2.155153e-02 2.155153e-02 1.000000 0.165260 0.582432
7.169171e-01 2.155153e-02 2.155153e-02 1.000000 0.395597 0.104757
2.417435e-01 2.155153e-02 2.155153e-02 1.000000 0.829009 0.121873
6.597001e-01 2.155153e-02 2.155153e-02 1.000000 0.407753 0.857940
1.985280e-02 2.155153e-02 2.155153e-02 1.000000 0.149701 0.315616
3.950845e-01 2.155153e-02 2.155153e-02 1.000000 0.278089 0.435491
7.658343e-01 2.155153e-02 2.155153e-02 1.000000 0.336496 0.702506
7.711449e-01 2.155153e-02 2.155153e-02 1.000000 0.530818 0.958324
6.797372e-01 2.155153e-02 2.155153e-02 1.000000 0.090932 0.183833
2.770176e-01 2.155153e-02 2.155153e-02 1.000000 0.817936 0.529121
6.409664e-01 2.155153e-02 2.155153e-02 1.000000 0.995712 0.222256
7.733205e-01 2.155153e-02 2.155153e-02 1.000000 0.799113 0.686045
8.453946e-01 2.155153e-02 2.155153e-02 1.000000 0.169154 0.880419
8.596038e-01 2.155153e-02 2.155153e-02 1.000000 0.810445 0.589631
3.557612e-01 2.155153e-02 2.155153e-02 1.000000 0.151991 0.304630
2.195446e-02 2.155153e-02 2.155153e-02 1.000000 0.848181 0.881028
7.436069e-01 2.155153e-02 2.155153e-02 1.000000 0.262567 0.931106
7.615402e-01 2.155153e-02 2.155153e-02 1.000000 0.774190 0.115383
4.353187e-01 2.155153e-02 2.155153e-02 1.000000 0.000724 0.083506
4.954526e-01 2.155153e-02 2.155153e-02 1.000000 0.590178 0.046775
6.244423e-02 2.155153e-02 2.155153e-02 1.000000 0.232521 0.885511
1.873127e-02 2.155153e-02 2.155153e-02 1.000000 0.316012 0.882836
1.959073e-01 2.155153e-02 2.155153e-02 1.000000 0.912438 0.091509
1.400257e-02 2.155153e-02 2.155153e-02 1.000000 0.552681 0.816677
9.655882e-01 2.155153e-02 2.155153e-02 1.000000 0.837580 0.532408
7.742888e-01 2.155153e-02 2.155153e-02 1.000000 0.447572 0.605591
4.717539e-02 2.155153e-02 2.155153e-02 1.000000 0.868596 0.802828
4.755348e-01 2.155153e-02 2.155153e-02 1.000000 0.343752 0.090923
3.972181e-01 2.155153e-02 2.155153e-02 1.000000 0.467258 0.821280
2.076851e-02 2.155153e-02 2.155153e-02 1.000000 0.368186 0.878344
5.703636e-01 2.155153e-02 2.155153e-02 1.000000 0.678486 0.222054
9.238261e-01 2.155153e-02 2.155153e-02 1.000000 0.717465 0.376055
2.560473e-01 2.155153e-02 2.155153e-02 1.000000 0.902039 0.392664
9.929931e-03 2.155153e-02 2.155153e-02 1.000000 0.104348 0.604906
3.092074e-03 2.155153e-02 2.155153e-02 1.000000 0.638036 0.112629
6.019483e-01 2.155153e-02 2.155153e-02 1.000000 0.300625 0.197448
5.957903e-02 2.155153e-02 2.155153e-02 1.000000 0.128248 0.991011
9.940057e-01 2.155153e-02 2.155153e-02 1.000000 0.267706 0.281125
7.173315e-01 2.155153e-02 2.155153e-02 1.000000 0.990107 0.144481
4.484511e-01 2.155153e-02 2.155153e-02 1.000000 0.404443 0.277787
3.217303e-02 2.155153e-02 2.155153e-02 1.000000 0.108027 0.260482
4.980864e-01 2.155153e-02 2.155153e-02 1.000000 0.606410 0.200509
2.428089e-01 2.155153e-02 2.155153e-02 1.000000 0.269397 0.664015
4.426549e-01 2.155153e-02 2.155153e-02 1.000000 0.568432 0.790657
1.703716e-01 2.155153e-02 2.155153e-02 1.000000 0.581185 0.814710
5.530738e-01 2.155153e-02 2.155153e-02 1.000000 0.010793 0.453246
9.939022e-01 2.155153e-02 2.155153e-02 1.000000 0.690275 0.659199
8.599201e-01 2.155153e-02 2.155153e-02 1.000000 0.607602 0.832330
1.377226e-01 2.155153e-02 2.155153e-02 1.000000 0.492780 0.796820
1.391202e-01 2.155153e-02 2.155153e-02 1.000000 0.891671 0.005716
5.685858e-01 2.155153e-02 2.155153e-02 1.000000 0.706696 0.178715
8.423342e-01 2.155153e-02 2.155153e-02 1.000000 0.557910 0.337328
4.416249e-02 2.155153e-02 2.155153e-02 1.000000 0.422874 0.358813
2.739088e-01 2.155153e-02 2.155153e-02 1.000000 0.293207 0.022802
1.731129e-01 2.155153e-02 2.155153e-02 1.000000 0.544158 0.135513
7.912611e-02 2.155153e-02 2.155153e-02 1.000000 0.507457 0.758265
5.276806e-01 2.155153e-02 2.155153e-02 1.000000 0.465589 0.132356
9.833395e-01 2.155153e-02 2.155153e-02 1.000000 0.460529 0.625022
8.164904e-01 2.155153e-02 2.155153e-02 1.000000 0.761802 0.582413
4.185408e-01 2.155153e-02 2.155153e-02 1.000000 0.966048 0.382619
9.282977e-01 2.155153e-02 2.155153e-02 1.000000 0.165298 0.755336
2.386488e-01 2.155153e-02 2.155153e-02 1.000000 0.237244 0.840322
7.887474e-03 2.155153e-02 2.155153e-02 1.000000 0.998996 0.287205
5.275088e-01 2.155153e-02 2.155153e-02 1.000000 0.365083 0.529490
7.168575e-01 2.155153e-02 2.155153e-02 1.000000 0.445244 0.515898
5.066067e-01 2.155153e-02 2.155153e-02 1.000000 0.479424 0.791635
6.989618e-01 2.155153e-02 2.155153e-02 1.000000 0.430038 0.879791
5.127392e-02 2.155153e-02 2.155153e-02 1.000000 0.623794 0.233565
3.971864e-01 2.155153e-02 2.155153e-02 1.000000 0.019891 0.740615
8.259030e-01 2.155153e-02 2.155153e-02 1.000000 0.143957 0.737775
9.074697e-01 2.155153e-02 2.155153e-02 1.000000 0.148389 0.026130
7.788012e-01 2.155153e-02 2.155153e-02 1.000000 0.833590 0.119372
2.868880e-01 2.155153e-02 2.155153e-02 1.000000 0.850847 0.462384
1.819330e-01 2.155153e-02 2.155153e-02 1.000000 0.580232 0.045885
5.452288e-01 2.155153e-02 2.155153e-02 1.000000 0.266679 0.558709
8.867411e-02 2.155153e-02 2.155153e-02 1.000000 0.946951 0.085543
6.706301e-01 2.155153e-02 2.155153e-02 1.000000 0.850270 0.993049
8.179036e-01 2.155153e-02 2.155153e-02 1.000000 0.835580 0.801597
9.725773e-01 2.155153e-02 2.155153e-02 1.000000 0.411853 0.624988
2.568078e-01 2.155153e-02 2.155153e-02 1.000000 0.889294 0.960215
7.625227e-01 2.155153e-02 2.155153e-02 1.000000 0.984212 0.814747
9.896131e-01 2.155153e-02 2.155153e-02 1.000000 0.421242 0.498726
9.073085e-01 2.155153e-02 2.155153e-02 1.000000 0.231151 0.948504
1.782425e-01 2.155153e-02 2.155153e-02 1.000000 0.007232 0.154572
8.307936e-01 2.155153e-02 2.155153e-02 1.000000 0.691873 0.175431
4.863719e-01 2.155153e-02 2.155153e-02 1.000000 0.832104 0.183218
5.325864e-01 2.155153e-02 2.155153e-02 1.000000 0.330576 0.199612
6.224473e-01 2.155153e-02 2.155153e-02 1.000000 0.012286 0.094030
7.720272e-01 2.155153e-02 2.155153e-02 1.000000 0.383970 0.896961
7.387915e-01 2.155153e-02 2.155153e-02 1.000000 0.585145 0.433905
7.351532e-01 2.155153e-02 2.155153e-02 1.000000 0.137006 0.359945
1.796566e-01 2.155153e-02 2.155153e-02 1.000000 0.372651 0.144519
3.549125e-01 2.155153e-02 2.155153e-02 1.000000 0.657615 0.441382
4.836029e-03 2.155153e-02 2.155153e-02 1.000000 0.286859 0.254158
4.304585e-01 2.155153e-02 2.155153e-02 1.000000 0.059612 0.914132
6.284230e-01 2.155153e-02 2.155153e-02 1.000000 0.561257 0.369633
1.583006e-01 2.155153e-02 2.155153e-02 1.000000 0.545348 0.212718
2.692477e-01 2.155153e-02 2.155153e-02 1.000000 0.315925 0.783629
3.018480e-02 2.155153e-02 2.155153e-02 1.000000 0.448785 0.056960
5.079276e-01 2.155153e-02 2.155153e-02 1.000000 0.409367 0.343537
9.495857e-01 2.155153e-02 2.155153e-02 1.000000 0.802718 0.831158
6.619034e-01 2.155153e-02 2.155153e-02 1.000000 0.496472 0.104163
7.714536e-01 2.155153e-02 2.155153e-02 1.000000 0.244612 0.071862
5.909607e-01 2.155153e-02 2.155153e-02 1.000000 0.319024 0.219494
3.882318e-01 2.155153e-02 2.155153e-02 1.000000 0.943518 0.739229
6.950807e-01 2.155153e-02 2.155153e-02 1.000000 0.676383 0.954756
5.550614e-01 2.155153e-02 2.155153e-02 1.000000 0.509507 0.209067
8.028277e-01 2.155153e-02 2.155153e-02 1.000000 0.817728 0.745558
7.532310e-01 2.155153e-02 2.155153e-02 1.000000 0.779678 0.244181
7.659765e-01 2.155153e-02 2.155153e-02 1.000000 0.310169 0.771867
6.929735e-01 