3
999 2
0 999
0.09373948175933333 0.04686974087966667
1 0 0 0 1 0 0 0 1 
T T T 
0.04474230592116245 0.08835364086009789 0.6595753329619093 0.09373948175933333
0.2701461249993335 0.5723204945337398 0.2996472424763865 0.09373948175933333
0.04089461342145412 0.9008787877719894 0.9020026668692952 0.09373948175933333
0.2523721715853147 0.8352961187420528 0.9863975150946321 0.09373948175933333
0.3961728735039203 0.5305033929976715 0.1607982179834529 0.09373948175933333
0.9116131044889073 0.4517431212809976 0.8997686643931112 0.09373948175933333
0.5605554398119912 0.5644755592249689 0.9122296190810802 0.09373948175933333
0.007255744020031221 0.428304404762442 0.3108088875562122 0.09373948175933333
0.587004117210982 0.6696364667482378 0.2619466907152252 0.09373948175933333
0.6880398063390908 0.1253919145737108 0.4138596735745315 0.09373948175933333
0.30683841535194 0.05215999918737433 0.1951303554027401 0.09373948175933333
0.7091162113996747 0.5828515363931652 0.1140952526795768 0.09373948175933333
0.07035820636872456 0.3118690628822428 0.3122805997037536 0.09373948175933333
0.9054695031439464 0.668622281961463 0.2535829511142583 0.09373948175933333
0.06631189169421339 0.7410463569913069 0.8535944362632296 0.09373948175933333
0.3583476589984085 0.07136150487628459 0.9319869420775212 0.09373948175933333
0.5324363359570373 0.9976232699353563 0.514476437315379 0.09373948175933333
0.2579986867367299 0.5426073507445269 0.5389322793376548 0.09373948175933333
0.1232390171298963 0.3903755750122635 0.6701756943829306 0.09373948175933333
0.4597060917728588 0.3988615575147794 0.4831666967994455 0.09373948175933333
0.1436700223031842 0.2315847353431141 0.9516352542145557 0.09373948175933333
0.3515008664331185 0.2702703045326102 0.6402459415273221 0.09373948175933333
0.4298962554451901 0.271148402939132 0.03359122962462494 0.09373948175933333
0.03871829787672091 0.6445675539861969 0.02719487014659978 0.09373948175933333
0.295013477260379 0.3492362952872549 0.9940670155009261 0.09373948175933333
0.8629742319963581 0.1942074056556186 0.6808355975917428 0.09373948175933333
0.449291977584293 0.06636524667082024 0.6768002658686022 0.09373948175933333
0.4918168743863756 0.9296090816925807 0.5853991479043792 0.09373948175933333
0.8549141566450197 0.5020649095422666 0.3920101686498936 0.09373948175933333
0.5907094712023437 0.3007860773609451 0.1185742687005331 0.09373948175933333
0.9029037779345689 0.1742146473732579 0.7892925662867276 0.09373948175933333
0.8840468603421264 0.8149984179827303 0.8375927624414445 0.09373948175933333
0.5289145629729073 0.4551001327975619 0.1793095470892441 0.09373948175933333
0.506215662453576 0.7405012823254205 0.1075752072087026 0.09373948175933333
0.2122409459246063 0.06871978661331664 0.02783506835693758 0.09373948175933333
0.6788178349420104 0.151399248542881 0.5517467905369605 0.09373948175933333
0.5063071100038136 0.4576845504407669 0.3915889166858964 0.09373948175933333
0.4266909898932986 0.6193538926508244 0.5973113713183633 0.09373948175933333
0.2129128638446995 0.9206006319937341 0.3419445284793798 0.09373948175933333
0.1199698652410005 0.2415967791066544 0.4978946738101038 0.09373948175933333
0.5892058114479996 0.1128815055131999 0.3746247205818243 0.09373948175933333
0.05208592246273216 0.5807320389612741 0.7328334969774393 0.09373948175933333
0.7807660797957872 0.4425020165142662 0.04107926609819626 0.09373948175933333
0.6124572264156116 0.3048894426320654 0.3517728581825545 0.09373948175933333
0.4431797154937989 0.4631589230488632 0.5519634646430631 0.09373948175933333
0.7307605910565609 0.3032637566978694 0.7679890062104157 0.09373948175933333
0.8146003651427123 0.4161453724521542 0.3668145823195237 0.09373948175933333
0.5453992384465265 0.3945842483566329 0.3115099421166877 0.09373948175933333
0.7940234566628003 0.862892688447538 0.1593758778500055 0.09373948175933333
0.8166054544900357 0.1648430204239771 0.2348368384296851 0.09373948175933333
0.307447748011151 0.5048600931908138 0.09865987440034826 0.09373948175933333
0.7716408319194217 0.6933308438423426 0.4705662882029761 0.09373948175933333
0.07961016472644547 0.8402081151725956 0.2284941358917084 0.09373948175933333
0.5757866177577284 0.8759765470785095 0.5583417853698922 0.09373948175933333
0.6363136439586665 0.5882922525167844 0.1830123654375769 0.09373948175933333
0.03637703972063133 0.5134641673781764 0.009581233027950671 0.09373948175933333
0.01466010596462132 0.02452062896802678 0.8350274475753804 0.09373948175933333
0.8146395414894719 0.9629399666114903 0.5354241194203931 0.09373948175933333
0.6097881239932865 0.7187064340419175 0.9063018981041439 0.09373948175933333
0.9873828183039584 0.6295824852651032 0.8017282456978876 0.09373948175933333
0.9250447893798754 0.1386898294987932 0.3454685575576148 0.09373948175933333
0.1598586269779529 0.1440037355852863 0.5179147288442727 0.09373948175933333
0.1165397216471205 0.2436379298330933 0.05836265671070317 0.09373948175933333
0.3530229457814631 0.7821580899531795 0.8744090585351526 0.09373948175933333
0.6217049884995811 0.6185894686764193 0.01612181473819657 0.09373948175933333
0.4446157290927211 0.7515826116294139 0.1895079180520344 0.09373948175933333
0.01847131178136187 0.5153586907371226 0.2749377005343943 0.09373948175933333
0.1780734080600838 0.2177470816390457 0.685118875312386 0.09373948175933333
0.4504925417613943 0.9059878387850105 0.1471818334774194 0.09373948175933333
0.7122009282080068 0.547169268796642 0.9973021440332851 0.09373948175933333
0.1825931215614999 0.5935394586494334 0.9325378556591569 0.09373948175933333
0.6615960262870306 0.8305598599369162 0.041309357707568 0.09373948175933333
0.9595650388249269 0.3139458830168513 0.7903415399097289 0.09373948175933333
0.1643629011363981 0.4831057543468655 0.9438590801972745 0.09373948175933333
0.7752665982657704 0.3624772432199683 0.1341374586448219 0.09373948175933333
0.9568643765079093 0.456807895745891 0.9979736041629885 0.09373948175933333
0.7973115571579038 0.5743657659428103 0.05519137815649184 0.09373948175933333
0.1419619238046016 0.7460058477934397 0.2082775885996203 0.09373948175933333
0.9164266660108937 0.8813650381081102 0.7722393433749909 0.09373948175933333
0.5625986164759164 0.9352314234401062 0.8775930023537334 0.09373948175933333
0.9782112126808504 0.3730843954660601 0.3924993028226415 0.09373948175933333
0.7717941312669261 0.1487134786820621 0.9590281012557464 0.09373948175933333
0.9431532928871486 0.5494040906621739 0.8427315120559928 0.09373948175933333
0.9938393184301266 0.7373647854013177 0.3657075555534571 0.09373948175933333
0.8930546286472586 0.2415232092629597 0.5360346913635557 0.09373948175933333
0.9477881750381244 0.7909037234881452 0.729797992487119 0.09373948175933333
0.09257370926607897 0.1132964983022798 0.09335802282600691 0.09373948175933333
0.2987441028300565 0.1083601627870392 0.5454263763507888 0.09373948175933333
0.9415791298784366 0.6521643162600629 0.4185637199724452 0.09373948175933333
0.8702818802442475 0.8073628131456027 0.4648414252114957 0.09373948175933333
0.8524752034757863 0.03146059986174079 0.235573026815248 0.09373948175933333
0.1854259083431707 0.831113698099052 0.3929619192607848 0.09373948175933333
0.7803581870632209 0.0379736443643546 0.7310427876101279 0.09373948175933333
0.1239799837477156 0.7801573667246772 0.6623321960092724 0.09373948175933333
0.8852830307973519 0.2227735685304311 0.9583124323313662 0.09373948175933333
0.9367034182878241 0.818654413262676 0.3768972169079909 0.09373948175933333
0.5337387793274266 0.6102514290174502 0.7580858763206046 0.09373948175933333
0.4579339372581546 0.01764033255351218 0.7613934343587829 0.09373948175933333
0.3175221389752149 0.04718400757392794 0.01696692719491852 0.09373948175933333
0.3090148753533214 0.2278101756532607 0.4044377592211488 0.09373948175933333
0.4215232475734691 0.2265813330339344 0.1192795762638966 0.09373948175933333
0.6097156064380859 0.5592137169836917 0.8117489667186599 0.09373948175933333
0.3980469132687899 0.6012033226985125 0.07940343946309271 0.09373948175933333
0.5129912998212091 0.8289317967350853 0.2256129313276815 0.09373948175933333
0.730509895708199 0.9241449861316283 0.07817892313900396 0.09373948175933333
0.1726286265838212 0.7511116524989478 0.835803369818111 0.09373948175933333
0.3617020113474243 0.8933378187926179 0.4315214924640073 0.09373948175933333
0.9984594815764654 0.6921732409746204 0.7253903373912274 0.09373948175933333
0.7093393554657352 0.7479874435411734 0.05711120792046936 0.09373948175933333
0.03163074009625643 0.56988424824482 0.3605138915990331 0.09373948175933333
0.3704485122141154 0.3025639358759967 0.4380254939954162 0.09373948175933333
0.5679614866663825 0.9201645947475231 0.3279880408273972 0.09373948175933333
0.4927007426639353 0.93967120115511 0.2453437002608544 0.09373948175933333
0.5121329577130146 0.6708960668372025 0.4039200380348478 0.09373948175933333
0.6391021866192382 0.411511431172902 0.6732335381167069 0.09373948175933333
0.2604485606878141 0.2486782136141228 0.2094125113495931 0.09373948175933333
0.165189793565774 0.594271759584831 0.2806133446135844 0.09373948175933333
0.7978733662784169 0.1816937415298081 0.8710082892147814 0.09373948175933333
0.257300396638533 0.4513240748918802 0.5870021068501962 0.09373948175933333
0.1511784996134876 0.9679950970589454 0.2498483147918638 0.09373948175933333
0.8127650042087903 0.751420493325254 0.6744468560670434 0.09373948175933333
0.5202296638144961 0.2594347474164866 0.05731566443617173 0.09373948175933333
0.2871083395860969 0.1648579342007415 0.3369703068129736 0.09373948175933333
0.3362494214644737 0.1484525761938483 0.7015866043209515 0.09373948175933333
0.2754462939271059 0.7672589305911748 0.8087837093402864 0.09373948175933333
0.2182500254112593 0.5218286295177649 0.02476437554978495 0.09373948175933333
0.9678635502545235 0.2009210136977602 0.157130412679718 0.09373948175933333
0.365199830362286 0.5289435363091206 0.6119481048547832 0.09373948175933333
0.9068953198299032 0.6872406175984763 0.1456391497924744 0.09373948175933333
0.3025852112162645 0.716658919466637 0.5514561738595477 0.09373948175933333
0.8009733440046678 0.6847245517932313 0.9089450552270719 0.09373948175933333
0.4216733641510749 0.1107423040418178 0.7563308636080948 0.09373948175933333
0.8272830768753118 0.2945161297408243 0.9341106601035477 0.09373948175933333
0.1446296354898457 0.164636969628775 0.4250424959887987 0.09373948175933333
0.07495202290497635 0.7699478022635796 0.04752952588999049 0.09373948175933333
0.9961606212164021 0.5892787459033366 0.9495156423597961 0.09373948175933333
0.7397187010268678 0.8708036142357538 0.4446120028070286 0.09373948175933333
0.5467035425036907 0.1401572570675932 0.2582047885803295 0.09373948175933333
0.7423428040677583 0.3900332737966693 0.8067958134747673 0.09373948175933333
0.5154272876956204 0.3663996923949559 0.1174128458973841 0.09373948175933333
0.3264764546045031 0.6349178575819321 0.1632638308109032 0.09373948175933333
0.253376770367969 0.9810742923256964 0.7059945165285428 0.09373948175933333
0.1634956721470469 0.0707076994586452 0.2470298753476152 0.09373948175933333
0.2748097275640122 0.3787911363558092 0.7385887307050697 0.09373948175933333
0.9920823153720071 0.757209020336893 0.9915185802275612 0.09373948175933333
0.02266326376086078 0.3871215204182589 0.1388933591274154 0.09373948175933333
0.9719780433346483 0.5666420311711028 0.4452213560232999 0.09373948175933333
0.4391667302443994 0.2729052706980833 0.9070218586902657 0.09373948175933333
0.2411397799956198 0.7509720797646944 0.9345553562355478 0.09373948175933333
0.6438764336580682 0.3089046748297443 0.2522367873211585 0.09373948175933333
0.9726492850469151 0.3704456050443862 0.6029486703278895 0.09373948175933333
0.8783992427189453 0.7427158613906066 0.3117305035907072 0.09373948175933333
0.1846476423698085 0.707682718130447 0.4874975006320372 0.09373948175933333
0.4448236534562716 0.4329058868844666 0.0245158987080571 0.09373948175933333
0.09166556924751008 0.3250883311392357 0.1184507360797754 0.09373948175933333
0.877525767888376 0.3518228184044352 0.2517716988464349 0.09373948175933333
0.3497916020458057 0.4540939004061932 0.5531602080030457 0.09373948175933333
0.2989784488104912 0.8034291275952202 0.06930207661567281 0.09373948175933333
0.2140311233469477 0.6735988427260849 0.2956135854316132 0.09373948175933333
0.4517123094952402 0.7392926312314422 0.4402629835654182 0.09373948175933333
0.08893440420254498 0.1315896392987778 0.3327592758511592 0.09373948175933333
0.01851767518716 0.9248166661585424 0.6049968475854586 0.09373948175933333
0.4154707221975728 0.09735207398807547 0.5129042252054019 0.09373948175933333
0.5356256755127318 0.9525320479318893 0.1583437878983807 0.09373948175933333
0.2398594019723432 0.4671917342117167 0.8242804573800273 0.09373948175933333
0.3570046867519204 0.07089382874730409 0.6456322357530684 0.09373948175933333
0.993241454607969 0.1675989105953483 0.9674495506963288 0.09373948175933333
0.7099524144222827 0.7773724417068795 0.3307531406816225 0.09373948175933333
0.6742938300859674 0.8947060791153162 0.6854828300256378 0.09373948175933333
0.5023831568115148 0.2003225709693855 0.8685243837491345 0.09373948175933333
0.9665324438878673 0.753638599073459 0.257964382558943 0.09373948175933333
0.7904283923771223 0.2513990463713587 0.13608424385929 0.09373948175933333
0.6868889402111797 0.8285008899902447 0.5505436122738591 0.09373948175933333
0.8500340031770146 0.05643095003539918 0.3395698979389304 0.09373948175933333
0.7389455595024683 0.1371247195892117 0.3016583654637296 0.09373948175933333
0.5755045659064882 0.2267649860760309 0.2365473042337764 0.09373948175933333
0.5110741897665612 0.7599788628659119 0.3658264679445963 0.09373948175933333
0.3093599459306637 0.9523621213204855 0.06958354746234076 0.09373948175933333
0.5919850573407169 0.427162321782368 0.4204362116513999 0.09373948175933333
0.1580596284555757 0.7996631604942649 0.7514474940027086 0.09373948175933333
0.7797165258385972 0.9754439447629137 0.40095994369416 0.09373948175933333
0.7212458150909176 0.2673636086256049 0.5342647202569776 0.09373948175933333
0.314777479477961 0.2853765813210055 0.3295099761459964 0.09373948175933333
0.1353781870919575 0.02705777500433061 0.07277560114509661 0.09373948175933333
0.3128305882485438 0.9558324314237274 0.8095437133177046 0.09373948175933333
0.685648447396229 0.01541480018461523 0.5546913022272937 0.09373948175933333
0.4673538513895944 0.1902605523021429 0.976717344332961 0.09373948175933333
0.3265922774023201 0.9520210620899867 0.3584008551889803 0.09373948175933333
0.7923671258235153 0.9909431812587378 0.6235900638811801 0.09373948175933333
0.1474033526488921 0.9496325441429651 0.1420441672135443 0.09373948175933333
0.6367146925187358 0.4886778535621922 0.918630858930187 0.09373948175933333
0.4157627650089158 0.6781464889553602 0.3546922743529552 0.09373948175933333
0.2542338543148671 0.5898960495025707 0.1058519489309667 0.09373948175933333
0.2576525050509825 0.2391508141566988 0.8802098845122945 0.09373948175933333
0.9920287902437697 0.9783029433469296 0.3352162822393041 0.09373948175933333
0.3312769168430612 0.400895770034455 0.1014012660456228 0.09373948175933333
0.2230337916816593 0.2366716497204082 0.3485647916811748 0.09373948175933333
0.3369877330827007 0.5137146964374765 0.4812644495096556 0.09373948175933333
0.6468880442828948 0.5988712136776174 0.2973348618432789 0.09373948175933333
0.1532785828902223 0.5947796947136974 0.03157349218533074 0.09373948175933333
0.6435313875189655 0.7612997003901537 0.2622723044464861 0.09373948175933333
0.6521324173046061 0.493844774398303 0.1807631494257894 0.09373948175933333
0.3650304015592846 0.07822873647271859 0.8265430858166636 0.09373948175933333
0.6974830314505704 0.8822971979172123 0.2408178639113702 0.09373948175933333
0.09376620125807934 0.937626994541389 0.05659438129580568 0.09373948175933333
0.5248832952338234 0.2612101176519802 0.954794008014155 0.09373948175933333
0.4258755984723324 0.6195375842748172 0.2169551252742876 0.09373948175933333
0.01381214524522391 0.1119622546938533 0.7902555594329386 0.09373948175933333
0.4224799297397812 0.8406796379720538 0.5009940119038363 0.09373948175933333
0.6764609287302092 0.046661478130715 0.363935287991566 0.09373948175933333
0.522755272885883 0.3736919828483731 0.696613182899841 0.09373948175933333
0.8017518654617852 0.8259136482086057 0.5768000713138502 0.09373948175933333
0.7507953534517123 0.6501247985685603 0.8251298290277761 0.09373948175933333
0.7958814701797488 0.8925904856161336 0.6477319990814041 0.09373948175933333
0.04097081076581801 0.9611243540704985 0.1738897475514508 0.09373948175933333
0.7272705224285979 0.6968447252139763 0.2782716095872546 0.09373948175933333
0.7154271179941126 0.618603763653368 0.5942027384602229 0.09373948175933333
0.3060926721911105 0.7075699646152307 0.3540999716534931 0.09373948175933333
0.08965143725790133 0.0506074339192808 0.1773470153445287 0.09373948175933333
0.7877601011636798 0.902161337364158 0.256639084473397 0.09373948175933333
0.2057511155266432 0.3072199152809496 0.5230547531568077 0.09373948175933333
0.2114067875864072 0.6910739222219744 0.1496853986333888 0.09373948175933333
0.02064077942494094 0.1197285689107642 0.1745163034980002 0.09373948175933333
0.7437392551515838 0.1945502949042321 0.07598051653271434 0.09373948175933333
0.8333860535682919 0.6464658230098453 0.6088576888407486 0.09373948175933333
0.9668224097413196 0.9852551736377592 0.9233468032612977 0.09373948175933333
0.7523267734439129 0.9392458885015855 0.720618919445979 0.09373948175933333
0.2517381035452622 0.3276621107926627 0.1058754425988439 0.09373948175933333
0.9377482960281051 0.7585067254680358 0.6323085441127391 0.09373948175933333
0.04322714689090981 0.5240580792457624 0.8141387699061352 0.09373948175933333
0.296028283165376 0.8612238206014294 0.8975622580580955 0.09373948175933333
0.1838340721004303 0.9367259233587015 0.5346910363011835 0.09373948175933333
0.1050051229170826 0.9849102510406693 0.4135431866109353 0.09373948175933333
0.04232851572889398 0.9522886433826401 0.692180621668371 0.09373948175933333
0.6092440924292528 0.849742539081903 0.46266676763014 0.09373948175933333
0.6448572998462381 0.4489122006586216 0.01992322270080243 0.09373948175933333
0.2452583944321309 0.87342198642783 0.2581836356174804 0.09373948175933333
0.3900372973182686 0.7014324367105684 0.2496401357225426 0.09373948175933333
0.1295579384246166 0.03914965090238452 0.3332711527713444 0.09373948175933333
0.8190766593637814 0.8633499358985635 0.9285585187978934 0.09373948175933333
0.6958138875789663 0.993459011084693 0.6474336339280009 0.09373948175933333
0.5105674715482167 0.4724015480688057 0.6299013092478206 0.09373948175933333
0.8760776327245785 0.8189802513824109 0.00911128786837993 0.09373948175933333
0.3977993838967103 0.1181709463431204 0.009370836470700536 0.09373948175933333
0.8833226524794663 0.7616217733960816 0.2088523240881164 0.09373948175933333
0.895030707326513 0.3593121377376383 0.3508331176713853 0.09373948175933333
0.9918067763834889 0.2743275427895774 0.8746947319372094 0.09373948175933333
0.6328536832489646 0.9624701919853262 0.8210240051139619 0.09373948175933333
0.9848809199459828 0.7454588537467326 0.5423597521201011 0.09373948175933333
0.6105926155220661 0.2152762186333864 0.01475994784567323 0.09373948175933333
0.8429800699495652 0.4373844536937649 0.7661776623164459 0.09373948175933333
0.3200169162525843 0.2787999060819938 0.5422830088609989 0.09373948175933333
0.1910797537068957 0.1900275817815569 0.174667331157383 0.09373948175933333
0.3909285663575151 0.890618221939686 0.5855825375742097 0.09373948175933333
0.03730318621907309 0.8724592506392976 0.01123951137705115 0.09373948175933333
0.8470124134085644 0.3251320590866227 0.5477160016141976 0.09373948175933333
0.6245185791142427 0.1362580814851614 0.2006634247098414 0.09373948175933333
0.4791088326454393 0.5757830313204961 0.3910586290507868 0.09373948175933333
0.636407572941479 0.159729572954625 0.7951454789506402 0.09373948175933333
0.5371005085211535 0.3416247456560321 0.2345360510063132 0.09373948175933333
0.8724127809973017 0.8648254298111767 0.2265991645076668 0.09373948175933333
0.301308598720945 0.6696172190530182 0.07563358359577528 0.09373948175933333
0.1186890118153854 0.2212171349611104 0.2970476081679632 0.09373948175933333
0.6828888567841793 0.3546483436817106 0.993927364418923 0.09373948175933333
0.1748453195439052 0.6987682936338587 0.6506833793671872 0.09373948175933333
0.4919469544026745 0.8574274167291293 0.6994372474246225 0.09373948175933333
0.4826546489066608 0.8161458897253078 0.5693573763262617 0.09373948175933333
0.8068672243428984 0.7292640221705464 0.5699201123177153 0.09373948175933333
0.5803732195481482 0.2068994385681009 0.7103259447857613 0.09373948175933333
0.1870626535872972 0.7969994193884811 0.5687376957113699 0.09373948175933333
0.1202423538414308 0.6750707990302852 0.09613292847337211 0.09373948175933333
0.3082779128044633 0.3752690902315868 0.8985660431058418 0.09373948175933333
0.2555477437264665 0.9925878781811648 0.2751231219773101 0.09373948175933333
0.4085909352974261 0.7230914170415204 0.5830546768806232 0.09373948175933333
0.1503353827828852 0.1451241703221875 0.02598902208866238 0.09373948175933333
0.4663321410429105 0.5766887251421585 0.9482511221372164 0.09373948175933333
0.6269331838559794 0.8308351808693497 0.8297780359750604 0.09373948175933333
0.165734862926343 0.48664535831622 0.531294057830519 0.09373948175933333
0.5764758122754344 0.5213489451514853 0.0033887986753916 0.09373948175933333
0.9171383523896526 0.9740540541013842 0.4116711977595349 0.09373948175933333
0.3803822228660501 0.205076015406897 0.5056771873190552 0.09373948175933333
0.4549112789094221 0.8340861366432912 0.4035844162070915 0.09373948175933333
0.7579303167139729 0.9568930084364661 0.9166831703976688 0.09373948175933333
0.4369742286219018 0.2959936652702357 0.6702460143948202 0.09373948175933333
0.4704176191073863 0.8437425003148549 0.07227304063962645 0.09373948175933333
0.9305013386369113 0.3991092920183579 0.7462066239085174 0.09373948175933333
0.4338421374973252 0.657516602972718 0.007217645105915525 0.09373948175933333
0.906817879631917 0.1044865206830082 0.1616728491310336 0.09373948175933333
0.2623383052164 0.8834654268368625 0.430095894522538 0.09373948175933333
0.2547349843290984 0.7904010053158494 0.2035504951599572 0.09373948175933333
0.0583820228372438 0.8500816276481293 0.1334078030165951 0.09373948175933333
0.01230155861676612 0.4786051848114024 0.4308737967934172 0.09373948175933333
0.8775684509679226 0.5820092229705641 0.7626693973174411 0.09373948175933333
0.7439364512409505 0.9842053782953434 0.1927784764628964 0.09373948175933333
0.1803640361441985 0.407888026240794 0.09804661976577679 0.09373948175933333
0.7245519659051237 0.3138789080946992 0.3249152925585607 0.09373948175933333
0.02557176086060665 0.9283943970275846 0.4328773211405069 0.09373948175933333
0.06513353735732635 0.9339000171922627 0.2794491520745283 0.09373948175933333
0.2633550076788404 0.9304556282432799 0.6062466135188698 0.09373948175933333
0.1153580718982931 0.4953996024429195 0.7534094886909536 0.09373948175933333
0.4800516479331256 0.08508287085557509 0.8255842275924042 0.09373948175933333
0.4178353547734435 0.5126759081554522 0.8522000725911946 0.09373948175933333
0.2818504215017387 0.2586688109001994 0.7096369039184527 0.09373948175933333
0.7272420021895155 0.07146888977287517 0.4879707522475422 0.09373948175933333
0.5760078660462136 0.8101139347934647 0.7446704806859598 0.09373948175933333
0.67047975367767 0.2105732262852737 0.2437626701910992 0.09373948175933333
0.01694929900235446 0.275247064867108 0.06975409126904469 0.09373948175933333
0.6405801999167389 0.1325092025313033 0.2980334868634822 0.09373948175933333
0.9371343650874572 0.5021656728525957 0.7337147664864586 0.09373948175933333
0.1255766441873321 0.002927369412210574 0.7021931637554472 0.09373948175933333
0.3014280660921673 0.921133166684881 0.5102922689440057 0.09373948175933333
0.5552454587242929 0.3728323912561136 0.8180765838066814 0.09373948175933333
0.8668790953580534 0.2901246766123165 0.09355208194830211 0.09373948175933333
0.1010920329240353 0.1379915740952007 0.2235076662656466 0.09373948175933333
0.8280314517856455 0.5988051678468419 0.877304244570014 0.09373948175933333
0.6410508712519422 0.1711535634119594 0.09824381369947038 0.09373948175933333
0.1028047087397465 0.1374938773362253 0.8141454236657992 0.09373948175933333
0.6308346859649797 0.7433323554170439 0.7924673385679248 0.09373948175933333
0.560519962057219 0.6736422962753111 0.06979422137713369 0.09373948175933333
0.4261828149452886 0.1443722343872735 0.5937042160812779 0.09373948175933333
0.2444759843533029 0.6394743752767045 0.5550264223148691 0.09373948175933333
0.8135750932133529 0.4174837873311671 0.861754100349148 0.09373948175933333
0.08921805884364528 0.4028874972104259 0.7602890261533644 0.09373948175933333
0.6445608284770532 0.02333045246422045 0.7470940729036524 0.09373948175933333
0.1279014491127341 0.4352926275846436 0.8492489240859408 0.09373948175933333
0.5965030452704425 0.7424658085923854 0.4092432611135002 0.09373948175933333
0.08372482416004441 0.3604635036866258 0.393923628166174 0.09373948175933333
0.3158601382941286 0.7395382754173514 0.1511880845422498 0.09373948175933333
0.668316584407546 0.6742006428668295 0.2028776213304601 0.09373948175933333
0.1038784927571419 0.6506000788449181 0.3742089443375274 0.09373948175933333
0.5069908715567317 0.7458122038043948 0.009776060119424267 0.09373948175933333
0.376915475669207 0.6104643089010584 0.4239541506771394 0.09373948175933333
0.21196404353488 0.5077638034694054 0.7431510697430566 0.09373948175933333
0.08665102130585413 0.7696677615002048 0.5342511968304611 0.09373948175933333
0.7151195978400985 0.5772060604979986 0.6953899956849167 0.09373948175933333
0.3818344466698594 0.6997908344222004 0.6793119551036221 0.09373948175933333
0.1051510792859416 0.1493022450642989 0.9278883943169491 0.09373948175933333
0.1936432355235557 0.5933595954257785 0.4870888346519225 0.09373948175933333
0.07212402781696677 0.5361159605519279 0.9232005240131631 0.09373948175933333
0.04750539382134188 0.3086550959604764 0.7443330480679418 0.09373948175933333
0.7009565847593474 0.290866190533253 0.4243942077991926 0.09373948175933333
0.1778768658361622 0.4670939015869109 0.6455058194418977 0.09373948175933333
0.9200539662493323 0.07947628636905572 0.9837025540380965 0.09373948175933333
0.53385331086294 0.8235650094563558 0.8495766988965122 0.09373948175933333
0.145818115662485 0.9005486585444221 0.6167715882248325 0.09373948175933333
0.3514202979403078 0.04449642706219005 0.4557090661834738 0.09373948175933333
0.610748907146929 0.5766306976139792 0.546409402738554 0.09373948175933333
0.2071785133480927 0.03489736442319442 0.5454798547493026 0.09373948175933333
0.5703813130696134 0.5280186382557984 0.2249499476064938 0.09373948175933333
0.1182132840866219 0.6816848020608962 0.5590826105753773 0.09373948175933333
0.5641002981865347 0.1309327865431474 0.8485301383523786 0.09373948175933333
0.5242656625562561 0.4743528701314417 0.9277009833250338 0.09373948175933333
0.3355740380489475 0.9471733993564615 0.2491844294616321 0.09373948175933333
0.7878282784701692 0.7807932807747109 0.4181924462814944 0.09373948175933333
0.4069669023789935 0.3528412540326961 0.8283600034105612 0.09373948175933333
0.2718868349362669 0.03246756434046876 0.1018049709616964 0.09373948175933333
0.3282996171935191 0.8203253174050499 0.5797594936495263 0.09373948175933333
0.1593711017442911 0.3902541760404138 0.9844738900190783 0.09373948175933333
0.1847179142446502 0.9877499543846391 0.6260480073240146 0.09373948175933333
0.8970759526934117 0.4045296560910882 0.5439791647455474 0.09373948175933333
0.6018230852976244 0.2967096648104925 0.6767324490310477 0.09373948175933333
0.4981757320705904 0.3477943046235757 0.8940034224519245 0.09373948175933333
0.5116723963838015 0.122748255020877 0.6332591377158887 0.09373948175933333
0.8610020473892461 0.94042460349821 0.1567214698959371 0.09373948175933333
0.1377079946513051 0.08127866252736175 0.6033968199731247 0.09373948175933333
0.8597402050548547 0.9363721825602875 0.8834121905448284 0.09373948175933333
0.8843433663275581 0.7843098984802627 0.5578490046806953 0.09373948175933333
0.2534955353961927 0.9022916892966584 0.1448403873251934 0.09373948175933333
0.9339740194834208 0.9742450610765626 0.7545600186020066 0.09373948175933333
0.7358928861002978 0.2330111630706479 0.923844980345331 0.09373948175933333
0.1083386506569029 0.6957818324087476 0.7290372922812194 0.09373948175933333
0.6119081445790771 0.2876456963625892 0.4558105467520063 0.09373948175933333
0.5321547421349008 0.2181057040392343 0.5165001906524015 0.09373948175933333
0.5044632807532906 0.5103004890445133 0.4809696313450613 0.09373948175933333
0.4224607358123636 0.3943461299467927 0.7314715635948748 0.09373948175933333
0.327837559895366 0.2992034859944263 0.8302623032662649 0.09373948175933333
0.7118418894166983 0.9047280584812344 0.8361668604018972 0.09373948175933333
0.8208136910532265 0.4772006877724025 0.9582238660415444 0.09373948175933333
0.06195678757359247 0.1633381139310646 0.5948293674401918 0.09373948175933333
0.06556546062429636 0.3851759506474269 0.594230335721359 0.09373948175933333
0.08699361154897911 0.4801999631873383 0.5951969688399114 0.09373948175933333
0.7657876054370398 0.5817976915932824 0.3405893318312064 0.09373948175933333
0.7996450416683895 0.1302216329126492 0.7116718224360936 0.09373948175933333
0.4761177957394415 0.7521506923439233 0.7456017233281412 0.09373948175933333
0.5844403909966028 0.3337117077512161 0.02045745648992226 0.09373948175933333
0.5872760040336688 0.3759938214558837 0.6021488088888973 0.09373948175933333
0.6258943917856522 0.5748588682810969 0.6453411898488819 0.09373948175933333
0.4227826634819488 0.2839864792117001 0.3026815691071678 0.09373948175933333
0.4966606312920829 0.1814348655178237 0.3491144105695136 0.09373948175933333
0.6058119295654408 0.7305444662199527 0.139173151307589 0.09373948175933333
0.2234713149836205 0.5780610455243314 0.6571558149828843 0.09373948175933333
0.6059140896863473 0.8599208548145807 0.2241913375355103 0.09373948175933333
0.3543080784014627 0.3435580614583342 0.2671972258002546 0.09373948175933333
0.7093144866075147 0.01247363858133457 0.1090018724595984 0.09373948175933333
0.3255879699518497 0.8161227298492491 0.4763330304600524 0.09373948175933333
0.06278285103230508 0.6025591790042436 0.2743890183898998 0.09373948175933333
0.1814722949483092 0.9329580215331033 0.432300257100188 0.09373948175933333
0.3288768478582714 0.60769224239028 0.9857717282820485 0.09373948175933333
0.9058447776439994 0.3053701697072023 0.00402078872046049 0.09373948175933333
0.2901741979166876 0.7032799202899583 0.2449343024721071 0.09373948175933333
0.2124709500927066 0.2425603585744986 0.4517348695966539 0.09373948175933333
0.3609823221208887 0.572759576437963 0.8977113321804668 0.09373948175933333
0.9811092976141967 0.3553198679803294 0.2359380095565402 0.09373948175933333
0.8194376061399349 0.2906037695644084 0.3307860008825447 0.09373948175933333
0.322151446817268 0.6821716757822444 0.7685989729488872 0.09373948175933333
0.2819194411275333 0.7146889934429659 0.6628358801600183 0.09373948175933333
0.6521945019062392 0.1468784183252228 0.7032073944211144 0.09373948175933333
0.1367894318187567 0.3355023136070979 0.8343678996037117 0.09373948175933333
0.3476718223249298 0.3131369945977057 0.06413439599739147 0.09373948175933333
0.3497935066574971 0.4346228022424374 0.9874261179319764 0.09373948175933333
0.9641669373640738 0.3425279721148508 0.4999771575132163 0.09373948175933333
0.1215755398427112 0.04143529003443908 0.828885884418491 0.09373948175933333
0.7392089495919067 0.99053558581351 0.8080634048161696 0.09373948175933333
0.1694992567234309 0.6020208066835044 0.1467769043734223 0.09373948175933333
0.08281727322720983 0.818654170757001 0.9249623959228168 0.09373948175933333
0.2197290620613931 0.5154787586109549 0.2360150348429151 0.09373948175933333
0.4387387268697117 0.579989129106781 0.3038968317628346 0.09373948175933333
0.7800718086476353 0.5428702474901884 0.1675191417957608 0.09373948175933333
0.9298698263377424 0.5732073233864351 0.5430388427605102 0.09373948175933333
0.03973863853250906 0.02330872526468762 0.1022973361217238 0.09373948175933333
0.2526704965831522 0.5286345772138713 0.4389683956538705 0.09373948175933333
0.01350446638170505 0.8741448031289394 0.3479577596055249 0.09373948175933333
0.133426494356135 0.1167136000402057 0.7246105881669209 0.09373948175933333
0.8009692243927444 0.7106970906655804 0.2171445783957908 0.09373948175933333
0.3745508537320955 0.1954755444919799 0.943925367752412 0.09373948175933333
0.2446334305557049 0.04212426476137475 0.9403705864891279 0.09373948175933333
0.6811691747871521 0.6660732984885497 0.4653461226224035 0.09373948175933333
0.1155473508566796 0.2632593327938453 0.1969958826216728 0.09373948175933333
0.9039740533944203 0.438835438949798 0.1695027885243094 0.09373948175933333
0.6984191694982622 0.103894492510723 0.1330235228946265 0.09373948175933333
0.02855901812713184 0.7939564961048374 0.444681586548519 0.09373948175933333
0.6298165741611883 0.7566237514064053 0.5056512752354335 0.09373948175933333
0.1236485143614698 0.3008764405395817 0.6114033446430825 0.09373948175933333
0.5528846204320342 0.9886117593502176 0.720303728507001 0.09373948175933333
0.07382641765348001 0.3350139503129116 0.5123988949574969 0.09373948175933333
0.2648664130925549 0.9988206741411296 0.4579513003082796 0.09373948175933333
0.0818423990314722 0.5594589573197213 0.08367494019480166 0.09373948175933333
0.4862947931351804 0.2646224567016094 0.4091316727383936 0.09373948175933333
0.0886975448122681 0.4237441873002247 0.2265426942290723 0.09373948175933333
0.8725719425387789 0.4595255519331496 0.678009062388445 0.09373948175933333
0.1548168149654125 0.6032031059897968 0.7233379721504909 0.09373948175933333
0.9200186818189194 0.8981213517207349 0.3290622728635171 0.09373948175933333
0.08584097760746436 0.325679563022968 0.02438805729467434 0.09373948175933333
0.7220704797569577 0.1123831448024303 0.7639482729763162 0.09373948175933333
0.2757020906405651 0.1534370889085196 0.2034920353619277 0.09373948175933333
0.8236977256221032 0.2517359596512473 0.4701672620051794 0.09373948175933333
0.2480350841714235 0.432339693677648 0.9464287036486648 0.09373948175933333
0.3322409570601658 0.9778554658610303 0.6517877219094463 0.09373948175933333
0.8421871070478509 0.9652793866634124 0.7308749687647266 0.09373948175933333
0.314453106231778 0.1897039170085185 0.783098958312558 0.09373948175933333
0.4505832236143765 0.9725702547773118 0.6756399237827553 0.09373948175933333
0.8331660553085996 0.1926072635807058 0.03517300425339421 0.09373948175933333
0.7721639381652501 0.1827697635893813 0.4028135263402997 0.09373948175933333
0.9527253611874165 0.8192194501729415 0.1794573696903875 0.09373948175933333
0.4039879689113831 0.6674385216281087 0.5034062687802554 0.09373948175933333
0.748047691039314 0.3589266062012146 0.9178186644477201 0.09373948175933333
0.3196840029996729 0.5345770243493689 0.3722222177362549 0.09373948175933333
0.5136939538603625 0.3622097219315518 0.413976677495733 0.09373948175933333
0.8605729599754559 0.494487524495713 0.5719338207477344 0.09373948175933333
0.9932451395819044 0.1402178348828198 0.2800719314212096 0.09373948175933333
0.7711345558050062 0.3153738579442676 0.2252429861716351 0.09373948175933333
0.9137108832005064 0.2224481238469753 0.4067335202384228 0.09373948175933333
0.4213390912504572 0.4081272695434167 0.6276385922076813 0.09373948175933333
0.8774810551644666 0.5252929277709369 0.06872982885142624 0.09373948175933333
0.4929981178176096 0.9145312891239675 0.8126657722362395 0.09373948175933333
0.6630943625278682 0.9421481947472551 0.9140468976451662 0.09373948175933333
0.03967007360356328 0.3471251067047295 0.8343076780359818 0.09373948175933333
0.6980009613204878 0.1034630747885459 0.858311279475653 0.09373948175933333
0.7066961459557594 0.9537339729127782 0.4870554040483914 0.09373948175933333
0.4340184945126217 0.9562858722231881 0.5126108320224968 0.09373948175933333
0.2273607432590788 0.2610504941674908 0.7863838806006304 0.09373948175933333
0.06757502143170911 0.9811441414294417 0.9515203338895508 0.09373948175933333
0.4418643368438598 0.7454290877481602 0.9192565724248212 0.09373948175933333
0.7792463362396562 0.2906770830881129 0.8517442277516951 0.09373948175933333
0.03496743294156562 0.03769654227929846 0.5478212861008512 0.09373948175933333
0.0158251433549539 0.425529955690288 0.5249731995051647 0.09373948175933333
0.559521693666079 0.03456867340840146 0.8288121554476712 0.09373948175933333
0.5913040474674918 0.247959471110082 0.8539866679779101 0.09373948175933333
0.7781876932794172 0.8007949737706301 0.2470223013771562 0.09373948175933333
0.01685195817320064 0.2187289198886502 0.7923042283980629 0.09373948175933333
0.4681691690416858 0.5387225340662493 0.7772101007188588 0.09373948175933333
0.1012628910343414 0.2654382834586748 0.3876209848125858 0.09373948175933333
0.7011136727539801 0.5463874532874285 0.5259993956825595 0.09373948175933333
0.7266951481351155 0.7676093367909678 0.6357515504558479 0.09373948175933333
0.04852512003942765 0.2448597380076878 0.9754601994381524 0.09373948175933333
0.9526291946283093 0.8742589685455914 0.05297483317306862 0.09373948175933333
0.02653821662344267 0.4469058938550046 0.9222864401585695 0.09373948175933333
0.6826143606843756 0.1534799945444328 0.9876161760628835 0.09373948175933333
0.4519632637690307 0.6559124732100552 0.7501419321871675 0.09373948175933333
0.4077701717427594 0.5852882120470242 0.6895590185219195 0.09373948175933333
0.09517005774128136 0.8587992509534468 0.4161039598982412 0.09373948175933333
0.1987445479517194 0.04912984002808683 0.7558446259171929 0.09373948175933333
0.7246310724933843 0.7157267072410918 0.7567432201209716 0.09373948175933333
0.07038280183988943 0.6972459149056265 0.9547129165703683 0.09373948175933333
0.9547892206610791 0.3627026887805432 0.888986025096744 0.09373948175933333
0.5077365563913626 0.04039986669680135 0.2427087724645789 0.09373948175933333
0.4881216681706645 0.02719171756948411 0.02782417651869135 0.09373948175933333
0.6933211958516321 0.201107864450902 0.4717658484429517 0.09373948175933333
0.2460563879177055 0.1844773870716834 0.5289402106463916 0.09373948175933333
0.7324862951444502 0.4476181712422095 0.4513821933664666 0.09373948175933333
0.8785490587906758 0.5711145943500474 0.4564140429575531 0.09373948175933333
0.3351604695184154 0.7155530933367662 0.4551083413203564 0.09373948175933333
0.9822770912450255 0.5768894990521496 0.1389261398528649 0.09373948175933333
0.01121428235227384 0.6738232971711652 0.1153259968775874 0.09373948175933333
0.5501247817447281 0.8450262911164281 0.3867817148962451 0.09373948175933333
0.8358174119584705 0.8285609223987296 0.3217288028516655 0.09373948175933333
0.767291237330873 0.2320924064663542 0.2789839752513745 0.09373948175933333
0.5986407230402301 0.09966398095520919 0.4778651402468617 0.09373948175933333
0.9514173126962857 0.1328043894689308 0.6940114291041609 0.09373948175933333
0.2423649985059201 0.4334459814655303 0.4879944095376422 0.09373948175933333
0.1328238684611671 0.8481509441059553 0.5097062164730003 0.09373948175933333
0.6583475705764724 0.7079402266958594 0.6695089886073392 0.09373948175933333
0.9000013908845044 0.2871243985681639 0.6240748079064926 0.09373948175933333
0.1900624808022995 0.5341468594021805 0.3678573171848366 0.09373948175933333
0.8597919968700859 0.2709947696834455 0.201181423319898 0.09373948175933333
0.9933136722118119 0.4330129460962292 0.8238483827794368 0.09373948175933333
0.9104966755987111 0.06750592005718226 0.474037714873955 0.09373948175933333
0.8397740184090021 0.6615709784390561 0.4068564720540211 0.09373948175933333
0.382045043642938 0.8815658601490924 0.8549442574874723 0.09373948175933333
0.1273510084728108 0.8807948931107701 0.3294464197544875 0.09373948175933333
0.02699382921998569 0.2694630228432885 0.5831379445264468 0.09373948175933333
0.6311929803428046 0.752387156100537 0.9984217062267958 0.09373948175933333
0.5044756219280722 0.03595340499213386 0.3919138808641324 0.09373948175933333
0.6821278518581204 0.955188010870993 0.3024015922354157 0.09373948175933333
0.3463569512902219 0.4252607135227448 0.7944655326102587 0.09373948175933333
0.7882643960141439 0.412431321545852 0.2714886897348931 0.09373948175933333
0.8242353421742464 0.6476575629872092 0.3022895933344342 0.09373948175933333
0.4048485666496816 0.7002584608087931 0.1162762221754249 0.09373948175933333
0.8258645662369254 0.02770366931924823 0.1047303249048183 0.09373948175933333
0.8263778895439527 0.6213982821326254 0.5159521837882874 0.09373948175933333
0.3174436290958234 0.4448278841519329 0.2140336426425267 0.09373948175933333
0.9585806748610971 0.5690290717281524 0.0363961402523097 0.09373948175933333
0.05833188264186745 0.1345028887783744 0.4986086589069282 0.09373948175933333
0.806645824416667 0.4866827219890424 0.4934038031183827 0.09373948175933333
0.003512522134349754 0.0707853300404067 0.3471190606514509 0.09373948175933333
0.4668415733217439 0.3418008335547164 0.5645995723904423 0.09373948175933333
0.1049110816271027 0.5476416901956943 0.6599084760803172 0.09373948175933333
0.8532304810026582 0.503993913974746 0.840194637636714 0.09373948175933333
0.746897420340516 0.1783244456384076 0.6255755748477109 0.09373948175933333
0.3301884287439128 0.6022377068716523 0.5635737617395683 0.09373948175933333
0.4014432900766851 0.2096699179838956 0.7340681769156897 0.09373948175933333
0.1808895508643722 0.438157760808504 0.3884963864009717 0.09373948175933333
0.7882368010298502 0.05046852785650689 0.8797520276649082 0.09373948175933333
0.4750417338053957 0.5374464360381717 0.04646398315159457 0.09373948175933333
0.6535587914229708 0.9447595350872021 0.3923505147255192 0.09373948175933333
0.5248643429761776 0.1272294421335571 0.03069332489112653 0.09373948175933333
0.9745182936715152 0.8540946002747514 0.264772818285206 0.09373948175933333
0.421307988375426 0.8457845711288233 0.2426218143992233 0.09373948175933333
0.03997708995758261 0.7795994748485056 0.7720416926329484 0.09373948175933333
0.7711713029571954 0.8269804937445526 0.05993653378047303 0.09373948175933333
0.9105990727395704 0.05231150305921762 0.8738380144531258 0.09373948175933333
0.1782405241436431 0.9341237229312096 0.7605754761640573 0.09373948175933333
0.5905675127800657 0.06191784654384247 0.664447112512019 0.09373948175933333
0.9119374107467628 0.7445704666539731 0.9197351193450343 0.09373948175933333
0.1574007399635379 0.6886566874832866 0.005750524647691017 0.09373948175933333
0.569810227802365 0.8079539480773035 0.2999741836129633 0.09373948175933333
0.4925606784886675 0.03300662802296183 0.1345538242038314 0.09373948175933333
0.7943199423952115 0.1179464017631742 0.110201098864888 0.09373948175933333
0.05182341395307488 0.7341174048391856 0.6199792270291823 0.09373948175933333
0.5766917230264096 0.655127262065604 0.4743059179243884 0.09373948175933333
0.7988290572276874 0.3656342566846532 0.4594628239606392 0.09373948175933333
0.8028437771028447 0.9703810334453579 0.02284281722748228 0.09373948175933333
0.8068924346666163 0.4531027885021126 0.1323089383972274 0.09373948175933333
0.6323309788135882 0.4351292890678359 0.2613129981682212 0.09373948175933333
0.4043699718537777 0.213961601699663 0.8421785374561948 0.09373948175933333
0.2192286639629079 0.3337297085690742 0.9240736747471022 0.09373948175933333
0.4152106042278508 0.5498645021641473 0.5264418084767479 0.09373948175933333
0.9621406888857503 0.1430724373264726 0.4357304791899115 0.09373948175933333
0.8334421989071564 0.620394861313137 0.9739679537594931 0.09373948175933333
0.5670998076623667 0.213391657166501 0.142935432867196 0.09373948175933333
0.7217345774665941 0.8794226314279215 0.9595872903640409 0.09373948175933333
0.8729026010551076 0.2451757714387705 0.8444308951391186 0.09373948175933333
0.04815730616356333 0.7586588940145491 0.1739076552059735 0.09373948175933333
0.4215114244513866 0.1346657636348256 0.8895618364343704 0.09373948175933333
0.1479668503120978 0.8028515440752141 0.1297391546322053 0.09373948175933333
0.3420893472850466 0.312599265947577 0.1718296924357737 0.09373948175933333
0.5589406071845763 0.5049003780292007 0.3254083719064086 0.09373948175933333
0.8446200735222371 0.3439062096338227 0.7951731136018677 0.09373948175933333
0.2031629911119898 0.1739963514829091 0.2729262888483103 0.09373948175933333
0.2080595845525145 0.1553360768159756 0.9186416566800468 0.09373948175933333
0.3761008819926779 0.05632182924228119 0.09227027920814923 0.09373948175933333
0.2272873864678756 0.7359516543943542 0.06479069341525509 0.09373948175933333
0.4621755938937067 0.1073346424397661 0.3024409441607279 0.09373948175933333
0.8465244399865569 0.8960107214808817 0.3967178338086516 0.09373948175933333
0.6884150587147555 0.3320474183729886 0.6886382174624329 0.09373948175933333
0.7246192877227933 0.4535886432180201 0.9664374095639082 0.09373948175933333
0.6494940051120754 0.2786714654746377 0.9432580282950781 0.09373948175933333
0.4823678884923075 0.9911139746639949 0.8942306127527387 0.09373948175933333
0.5717881181020107 0.5741060978612942 0.09181895543827445 0.09373948175933333
0.3867307072088486 0.7977261154288937 0.6495840816887442 0.09373948175933333
0.5236820371040437 0.7775623174115726 0.6607978932824595 0.09373948175933333
0.07802831578582237 0.6458901103761897 0.654345307503049 0.09373948175933333
0.5900267033585471 0.4609289753535533 0.1002909065687869 0.09373948175933333
0.247913211936718 0.1354529267164443 0.4351818074425575 0.09373948175933333
0.4289892128024276 0.4547051928928876 0.9344093141855216 0.09373948175933333
0.522984774903291 0.2765162065163404 0.3061602254526609 0.09373948175933333
0.2735462667709158 0.3606520500403299 0.5690313157621381 0.09373948175933333
0.9440576532533392 0.6671199059211205 0.6094967153233416 0.09373948175933333
0.346475481703973 0.11111299750052 0.2564221805654933 0.09373948175933333
0.01272648677564613 0.09061789569129167 0.9163501686406603 0.09373948175933333
0.6317527230816226 0.2371641089040171 0.5477532670364079 0.09373948175933333
0.9685699575677426 0.4671905944074695 0.09282303229032647 0.09373948175933333
0.1043716182634406 0.8700801976097738 0.7136712626064446 0.09373948175933333
0.7300214614946913 0.4551703773752022 0.7235210720362787 0.09373948175933333
0.1501896887796836 0.4052996342811639 0.2994163632967348 0.09373948175933333
0.2190624459877465 0.1946358177264546 0.07717252107328315 0.09373948175933333
0.03720532365085813 0.2115729108704225 0.2256258995537142 0.09373948175933333
0.8177576702459332 0.04065634926046748 0.481094921290346 0.09373948175933333
0.7794632532269333 0.5941246791206701 0.4361824450364305 0.09373948175933333
0.3764248906839937 0.9682501278378396 0.1398962948846505 0.09373948175933333
0.3647094317013894 0.02299889318456956 0.7303877252488029 0.09373948175933333
0.5037172632078949 0.08140920159388218 0.9412647412555487 0.09373948175933333
0.06095113103816399 0.6236645835338135 0.8868471693639981 0.09373948175933333
0.2861015997875626 0.09797244712369052 0.7783995991904888 0.09373948175933333
0.540869150255007 0.4303762189073606 0.02017098437086117 0.09373948175933333
0.723227529311167 0.6663109786773356 0.3769262243032493 0.09373948175933333
0.2408486574546237 0.6200235086651255 0.223087518969705 0.09373948175933333
0.166068676257086 0.7830154511295179 0.3090189724692326 0.09373948175933333
0.8700917764048651 0.4122568078442321 0.05825194258657884 0.09373948175933333
0.4156450399891508 0.4766784683238386 0.4442822660422706 0.09373948175933333
0.4770448288944575 0.8797757517740635 0.9023105986260846 0.09373948175933333
0.812982954570045 0.1125712313094613 0.8058691753685302 0.09373948175933333
0.8017947672963769 0.348555500062585 0.02590202131362637 0.09373948175933333
0.4329181593277255 0.9426190252680346 0.04679422841739398 0.09373948175933333
0.9221594139909969 0.3365701175460408 0.1628552163734672 0.09373948175933333
0.1449295973184798 0.0558215061124655 0.9193396177929003 0.09373948175933333
0.6680797445043486 0.3226431806818283 0.5948521788870769 0.09373948175933333
0.5672663575020765 0.8084960747105565 0.05366818544039067 0.09373948175933333
0.4188705043898162 0.9786974696642053 0.4153718196847885 0.09373948175933333
0.1051065075754028 0.8516584370217481 0.8111767198820605 0.09373948175933333
0.0323552948306871 0.8679179447845247 0.5082697422356657 0.09373948175933333
0.5342113538041846 0.4376677999826958 0.5449459655335757 0.09373948175933333
0.244143704263618 0.8457097227843081 0.6934119691105705 0.09373948175933333
0.5259333125299249 0.47299010354958 0.730035443458914 0.09373948175933333
0.04119909862326877 0.1818516001321048 0.6967725717486353 0.09373948175933333
0.7030007052278244 0.2661805544074034 0.02008655346668929 0.09373948175933333
0.8424054993143983 0.1929719377541837 0.3339379686284304 0.09373948175933333
0.8872035824905419 0.3222506401150042 0.4381818252787315 0.09373948175933333
0.7378533674559262 0.7558334459061981 0.1572328719609318 0.09373948175933333
0.5072678451922845 0.6510983268252839 0.8968392958269367 0.09373948175933333
0.5241970719680992 0.9266299571892945 0.06216520578732216 0.09373948175933333
0.5934671471177707 0.9980498664465801 0.2377499780082952 0.09373948175933333
0.8306959472594789 0.08447978179778431 0.01720597070824277 0.09373948175933333
0.7325096979099498 0.1790088574303583 0.1779331697850749 0.09373948175933333
0.0211153547443318 0.6267500822158311 0.5297304344312297 0.09373948175933333
0.7540191519339486 0.676814946946195 0.6578592285768071 0.09373948175933333
0.3174379947683139 0.7482634010514754 0.9906497314673394 0.09373948175933333
0.5838977119496048 0.9650964566556116 0.6021729540658119 0.09373948175933333
0.0559676419697607 0.4152860505968649 0.04551615980837616 0.09373948175933333
0.398549584482117 0.9835763169077201 0.8510329203443567 0.09373948175933333
0.955297222729687 0.5009476413674494 0.3460991866659462 0.09373948175933333
0.555849414686908 0.112134568081367 0.1321168302232867 0.09373948175933333
0.7092002481882189 0.06753927086336937 0.951194192591081 0.09373948175933333
0.2604659166032399 0.4484503045918145 0.2930491886004301 0.09373948175933333
0.5406290394058683 0.7384792531624215 0.2085846977831277 0.09373948175933333
0.3271155399938486 0.8835928098102132 0.6692934385064634 0.09373948175933333
0.6216951321020582 0.8048278637335057 0.6303316375307909 0.09373948175933333
0.9706895260357842 0.9494197820703913 0.2434774864743447 0.09373948175933333
0.6363966366888031 0.2639654586371185 0.7729266366184828 0.09373948175933333
0.3576925803230331 0.519942245740158 0.2775354950032788 0.09373948175933333
0.02462820015393981 0.4799310214649248 0.7039159508046688 0.09373948175933333
0.7266308458083254 0.9245461762782016 0.5771795914080474 0.09373948175933333
0.8663955823824556 0.185844153169813 0.1341934880033726 0.09373948175933333
0.8158669670207929 0.7372979579979154 0.01437051430135089 0.09373948175933333
0.870005978607252 0.5115673205701442 0.2232800723900952 0.09373948175933333
0.5014376989206503 0.5644915211268913 0.5821404479126139 0.09373948175933333
0.7900225458234585 0.548119607045522 0.7749425825763342 0.09373948175933333
0.5298225552803688 0.6291527131860635 0.1991170247874014 0.09373948175933333
0.009846475086482483 0.2758607195832419 0.4062706571844284 0.09373948175933333
0.8436740575364318 0.009600353215748593 0.9473014020887013 0.09373948175933333
0.5918515758971451 0.6494530542248123 0.8420033967590197 0.09373948175933333
0.8732954661141075 0.6361334920530489 0.07018989965198962 0.09373948175933333
0.1236553229707031 0.04139255401067247 0.5009061411341823 0.09373948175933333
0.9574385929480934 0.3747472998756663 0.05239517426567803 0.09373948175933333
0.1493177120153892 0.783717354478969 0.9907867322529532 0.09373948175933333
0.04170444216749234 0.06422714748033506 0.01267509512340878 0.09373948175933333
0.1189165590665108 0.5083139462930856 0.2985340114741721 0.09373948175933333
0.771020596745314 0.1562860958473842 0.5103129126869484 0.09373948175933333
0.6786623098881781 0.8463020837975821 0.1439347640867769 0.09373948175933333
0.1858845643324079 0.829802053943612 0.9125255466887263 0.09373948175933333
0.6463752050208689 0.1852665226446001 0.898130603568709 0.09373948175933333
0.5578557979090505 0.6394113289214799 0.6084535999205279 0.09373948175933333
0.6722553533770785 0.3710011271931707 0.3850997587120688 0.09373948175933333
0.5864754428076985 0.2076299618916704 0.3297608915666115 0.09373948175933333
0.2687125795033306 0.3468279084069767 0.4634161205746625 0.09373948175933333
0.6349407299538895 0.6830806196022607 0.5768764202250024 0.09373948175933333
0.9075140525709877 0.1835919526842535 0.2566058498602075 0.09373948175933333
0.4915632964574465 0.6812221543655433 0.2680042186320529 0.09373948175933333
0.1321444808011137 0.9309745486398492 0.902352069401466 0.09373948175933333
0.1999908394231245 0.4356534986823489 0.1855874001490891 0.09373948175933333
0.5385811339573627 0.9337612205486929 0.4187861263483637 0.09373948175933333
0.01532414890848532 0.8781897626784744 0.757087109560775 0.09373948175933333
0.8973233950887325 0.2761049517632105 0.727096413749074 0.09373948175933333
0.2407685670637799 0.9395535518415731 0.9751214347875303 0.09373948175933333
0.825938072701336 0.7325009296927318 0.11239069677847 0.09373948175933333
0.2830850444281099 0.1381906815818771 0.9752831756461993 0.09373948175933333
0.3016124340414701 0.2330788274339791 0.120765398890257 0.09373948175933333
0.2884907808200619 0.6105096472224606 0.4749472138624397 0.09373948175933333
0.8112485540850335 0.2101437081625518 0.7824097494693767 0.09373948175933333
0.9965987544579171 0.9618650710188047 0.01958190726114016 0.09373948175933333
0.2144933444949471 0.6348131282662243 0.8383223093607725 0.09373948175933333
0.736860028756488 0.4609185938921117 0.5561728961003656 0.09373948175933333
0.5636486630965215 0.1601521105453024 0.9474685903206161 0.09373948175933333
0.0833555473851898 0.9515830950334017 0.516826063171706 0.09373948175933333
0.2884911025802467 0.7980722697322116 0.385632498887309 0.09373948175933333
0.9255171819679763 0.4901800940697298 0.4972587792043435 0.09373948175933333
0.1138554376839216 0.2269084110563558 0.7710185263548329 0.09373948175933333
0.4531182067573592 0.4864441960497863 0.2724180765119945 0.09373948175933333
0.9865929294604214 0.8491855708492734 0.6645896471354376 0.09373948175933333
0.7591536950872728 0.5455268454635335 0.9130496141275183 0.09373948175933333
0.3247790974954913 0.8587003175260853 0.1882530563085031 0.09373948175933333
0.2389160422456194 0.2448950928072911 0.9739257368358909 0.09373948175933333
0.9932114512547241 0.6522884146427635 0.2104838563746562 0.09373948175933333
0.2166465548064912 0.1613235544320025 0.7552402948287219 0.09373948175933333
0.9488860581737452 0.9262120405473254 0.8508997846976045 0.09373948175933333
0.3489761254086086 0.4314695241913505 0.326649546563073 0.09373948175933333
0.9360951227312457 0.1364903804140084 0.534823836848194 0.09373948175933333
0.3667883447331557 0.01971627821840534 0.5640855916276692 0.09373948175933333
0.7672711685024544 0.079892603271344 0.5725780196220494 0.09373948175933333
0.224903921190273 0.9924212674108864 0.1864593212913524 0.09373948175933333
0.3699606271144062 0.1241313481022625 0.1594390188562155 0.09373948175933333
0.1568464260457391 0.3486748012682823 0.1892864195636252 0.09373948175933333
0.8547354539240355 0.5523692915989196 0.3073215130738892 0.09373948175933333
0.398476875724116 0.2433919231623805 0.2194714116035543 0.09373948175933333
0.7531604251455821 0.6565787321488232 0.02650632856272229 0.09373948175933333
0.08958760336479184 0.4524597231696287 0.3692509803980454 0.09373948175933333
0.9619172988181682 0.5945472133703354 0.7077327029028705 0.09373948175933333
0.39793828423614 0.3454117938122049 0.9582365800931483 0.09373948175933333
0.7745288996452515 0.07282645081528448 0.1979568510221681 0.09373948175933333
0.7958541549201549 0.6342118174076465 0.7355368296876109 0.09373948175933333
0.03285520859707622 0.5307191034296349 0.5203407164302057 0.09373948175933333
0.4492598523454661 0.7719239089229454 0.2956810811778178 0.09373948175933333
0.3935591783821323 0.1758412862858208 0.3387784927368795 0.09373948175933333
0.6964891856001812 0.9859630484494166 0.007739886673814489 0.09373948175933333
0.1311423699790338 0.5163691810901052 0.2045019192829005 0.09373948175933333
0.7047488949285792 0.7166141839100226 0.8740891280052429 0.09373948175933333
0.003132775314266751 0.375265583232643 0.6916106772241257 0.09373948175933333
0.6112925872173791 0.0867785747627242 0.5743902452131291 0.09373948175933333
0.3934945656967724 0.9286898032062666 0.7449905192867351 0.09373948175933333
0.6077983671361609 0.0885999971026661 0.9906732442931262 0.09373948175933333
0.4153800248948627 0.3978966418037405 0.2112235427701299 0.09373948175933333
0.765185503424587 0.07239625869316788 0.3991855056939662 0.09373948175933333
0.6749255248901203 0.8020561551291311 0.7318544508168207 0.09373948175933333
0.7037101490625608 0.4852173568515285 0.8147246547295047 0.09373948175933333
0.4820711628292263 0.2075652610117105 0.6720674668183367 0.09373948175933333
0.6514530399201629 0.5872482521804721 0.4187437686393669 0.09373948175933333
0.1672550093162499 0.6929062348735164 0.909784756702319 0.09373948175933333
0.3327381158485516 0.2788772277680431 0.926243475610587 0.09373948175933333
0.492070305772901 0.1760993463869901 0.7776150687425862 0.09373948175933333
0.4858472974652536 0.339786415497502 0.00225662669784447 0.09373948175933333
0.2201277898600466 0.9643002225457633 0.8698259229302824 0.09373948175933333
0.9968315653084656 0.8193152452511933 0.8584672122832504 0.09373948175933333
0.9320234801233065 0.9632168592812808 0.5416605033284262 0.09373948175933333
0.1064957806089442 0.6281586414984099 0.4807208685771615 0.09373948175933333
0.6931225566063717 0.6603690182139565 0.9493662680897264 0.09373948175933333
0.1448344216897279 0.5450504624209378 0.8423365448245517 0.09373948175933333
0.3134488370099385 0.8577821359874882 0.7899401829954127 0.09373948175933333
0.5458200976100479 0.6031551936553117 0.3139928516009806 0.09373948175933333
0.9434474529605886 0.5708001035348689 0.2286889972979125 0.09373948175933333
0.9592288753879209 0.9150965644989123 0.1449825368835818 0.09373948175933333
0.1047942923293601 0.5287616707362576 0.4313400762938793 0.09373948175933333
0.5441004129788485 0.8542279514624832 0.1328855172105107 0.09373948175933333
0.1819883881116812 0.3898527828375917 0.5923544334396581 0.09373948175933333
0.1705804547599028 0.1964788494820723 0.8429883954106597 0.09373948175933333
0.8301576837925039 0.6160869608073244 0.2122812793569952 0.09373948175933333
0.2719979994659757 0.3848674954698759 0.3636811822472557 0.09373948175933333
0.5797953090235232 0.5250978390329497 0.4159063038638056 0.09373948175933333
0.71351799744086 0.41377563556792 0.2054877179392428 0.09373948175933333
0.4086986721911327 0.986189743012536 0.9632468678690135 0.09373948175933333
0.04754034375337862 0.7023323204136637 0.4742234297749159 0.09373948175933333
0.5101182198283775 0.105421449003764 0.5137689724889022 0.09373948175933333
0.3906153513699216 0.8799538820590165 0.3313024071210618 0.09373948175933333
0.2357127488228432 0.7856432528488932 0.4643347591896189 0.09373948175933333
0.6838174152144795 0.5166888851357948 0.2674015912725073 0.09373948175933333
0.859735540879572 0.3843321008559788 0.9480376098220274 0.09373948175933333
0.2549047624585233 0.09505677816470527 0.2738994122575379 0.09373948175933333
0.9611519263306146 0.8383265665465676 0.9555012231763861 0.09373948175933333
0.01836057108529374 0.0356960673952817 0.7340815365386424 0.09373948175933333
0.7389642367558388 0.78090032906513 0.9680776636109248 0.09373948175933333
0.7679345964200534 0.3220281112880357 0.6253881701227664 0.09373948175933333
0.3546193187336347 0.6215557611235433 0.29323770268982 0.09373948175933333
0.4032472143802073 0.04649093664613382 0.2094497063424674 0.09373948175933333
0.408721288729225 0.5072569891525376 0.3557991710616554 0.09373948175933333
0.5102156414086892 0.8767870283922018 0.4902229512937177 0.09373948175933333
0.6939581126347203 0.05633845873038323 0.251132536214014 0.09373948175933333
0.8587064474037202 0.1541146069583716 0.4428374069448793 0.09373948175933333
0.1857592858707018 0.05169612087148259 0.4253537724030539 0.09373948175933333
0.4160263635211357 0.3783262360321606 0.4016455579728072 0.09373948175933333
0.3652764521501486 0.02724001257985963 0.2971558307946234 0.09373948175933333
0.05440090546811014 0.03527689424865868 0.2748322550422607 0.09373948175933333
0.09167994900210941 0.2504141360035338 0.8671913342491695 0.09373948175933333
0.9033505910427007 0.07065795134208669 0.7673666496963459 0.09373948175933333
0.8559245590376099 0.7462276758592674 0.764567470267646 0.09373948175933333
0.5900520523016679 0.463721580875442 0.8376950688188426 0.09373948175933333
0.3196842586090439 0.4849172260793899 0.8847682801378181 0.09373948175933333
0.3773411164034075 0.7779701032766414 0.3619294657763076 0.09373948175933333
0.2175155627912774 0.3390253044777731 0.2948685405276465 0.09373948175933333
0.9113018780663122 0.5417090471748914 0.9582803292440785 0.09373948175933333
0.5620268488856818 0.7139503795033648 0.7308652746046347 0.09373948175933333
0.2123431399360796 0.3420150851263815 0.6789766635766397 0.09373948175933333
0.1525586251897869 0.2033837845801172 0.5914427844603996 0.09373948175933333
0.5791622429039003 0.008932704686507085 0.05030430704176105 0.09373948175933333
0.9183544240531911 0.2719674525611355 0.2882385114990815 0.09373948175933333
0.6362026854158773 0.4876275011186504 0.7306915133144293 0.09373948175933333
0.5280377275419462 0.7191282143685069 0.8249970238604203 0.09373948175933333
0.3241591618668418 0.3874283384043389 0.6537202878264047 0.09373948175933333
0.9912280481079528 0.3358087067475612 0.9723378346623515 0.09373948175933333
0.9530774273943665 0.01865704288477514 0.1677880857184676 0.09373948175933333
0.4935620908782981 0.4531706512734631 0.83412323932801 0.09373948175933333
0.4832770475959263 0.8639523649197377 0.3141166918468599 0.09373948175933333
0.2603345365912475 0.5587483426286628 0.8852835420814438 0.09373948175933333
0.3125070572553732 0.7817740956981366 0.7211243392593402 0.09373948175933333
0.9921241985886673 0.280627742151946 0.6695983541371869 0.09373948175933333
0.4008235371579386 0.06491953628726778 0.3753175297663116 0.09373948175933333
0.01453204488572706 0.2190182196091079 0.3261805021971373 0.09373948175933333
0.8872470385094664 0.6611547578264836 0.6926622378851903 0.09373948175933333
0.2969297236114913 0.1204237480480185 0.07540543946184521 0.09373948175933333
0.2243714245326372 0.08638158968938532 0.8513094170398058 0.09373948175933333
0.8528602883966299 0.3742145520670064 0.6424778337785234 0.09373948175933333
0.6483951669861038 0.367284814615663 0.5060857259553487 0.09373948175933333
0.641770776730988 0.3725240588835418 0.7695841390410916 0.09373948175933333
0.8487741680731398 0.1455879929094666 0.5824594249044885 0.09373948175933333
0.9052102978381766 0.4243940731460267 0.4320081646966387 0.09373948175933333
0.6154195527860943 0.3931656860657425 0.9376443998028151 0.09373948175933333
0.238342847279989 0.3459973697793103 0.8324827651118508 0.09373948175933333
0.2097644185367533 0.8736680530549735 0.829097184792126 0.09373948175933333
0.2100283664567662 0.9649188528182526 0.0690085824036504 0.09373948175933333
0.4861882083665292 0.6078859998012319 0.5001621160439682 0.09373948175933333
0.8991675625925095 0.1281885103849919 0.06656651374763517 0.09373948175933333
0.2501853253288785 0.1656307040056234 0.6509543692960795 0.09373948175933333
0.9797575624872645 0.7913537678446839 0.09365291209467157 0.09373948175933333
0.950228649527034 0.6116530688599101 0.3184948473083569 0.09373948175933333
0.2949818371147854 0.6821779899395773 0.8937065623575209 0.09373948175933333
0.9392657245863735 0.891379442898163 0.4553373290167078 0.09373948175933333
0.05707426606752266 0.7830841629436184 0.3045185701856308 0.09373948175933333
0.3084852224227603 0.8051322339868108 0.2810274817168425 0.09373948175933333
0.8417872851734245 0.07610914298290233 0.6474041569585104 0.09373948175933333
0.6037349375683725 0.1930774240424761 0.4269496256691013 0.09373948175933333
0.8715884651419437 0.6632481738398368 0.8128530896655491 0.09373948175933333
0.4411484610449857 0.8132884153033968 0.8262638624810197 0.09373948175933333
0.6355919499240654 0.4836686919660739 0.495277716405344 0.09373948175933333
0.1528358308333808 0.9789648923619505 0.9940637753732289 0.09373948175933333
0.009200390019827918 0.2881238202456128 0.1657222067915831 0.09373948175933333
0.9883501238447709 0.01487583113623723 0.4697448706589172 0.09373948175933333
0.8875180756041992 0.8721832394776762 0.641777814136781 0.09373948175933333
0.7314425973672281 0.07907585216206998 0.04235233390554984 0.09373948175933333
0.07631861633682561 0.4653447684325391 0.1282385432749219 0.09373948175933333
0.5953193298277935 0.1738333710169495 0.618948559474618 0.09373948175933333
0.8652161182639301 0.7126383554378773 0.4952565595042329 0.09373948175933333
0.6896049208175385 0.7874346552755794 0.4304074710286098 0.09373948175933333
0.8904279570214972 0.5691334845566957 0.6435493403905896 0.09373948175933333
0.5084770117261224 0.5521384225297917 0.6809728827961391 0.09373948175933333
0.02184763407034238 0.5703622961840349 0.6216731690360339 0.09373948175933333
0.05853962321719521 0.2042857117926543 0.1259087673503633 0.09373948175933333
0.1762104201340441 0.8710274651148497 0.1928379960501119 0.09373948175933333
0.1267872967807641 0.6653209697086788 0.8225115566447732 0.09373948175933333
0.6366863800892177 0.9478580435370862 0.1605311869551131 0.09373948175933333
0.7029632896878728 0.4371232418547398 0.1109101111392605 0.09373948175933333
0.282023069511169 0.4836270651181581 0.6757275619512259 0.09373948175933333
0.298478956803496 0.5127282355364805 0.9723970779398076 0.09373948175933333
0.8837167126903989 0.8063648494714326 0.1111588000951441 0.09373948175933333
0.9875570394802822 0.4495698517877117 0.2113377883230066 0.09373948175933333
0.12511641049554 0.4863669127141174 0.03450226774313923 0.09373948175933333
0.905863906051067 0.9266661733557752 0.9712259198355566 0.09373948175933333
0.3322815814413747 0.186688153316304 0.5973610887284325 0.09373948175933333
0.6924331873166337 0.2095922670032504 0.3474440147085971 0.09373948175933333
0.9353477455107475 0.03064920892960412 0.2817590689014771 0.09373948175933333
0.6127360189113353 0.4933367070585316 0.5992947764345189 0.09373948175933333
0.3280543184964078 0.2146985728463289 0.02520564372271087 0.09373948175933333
0.374115106667989 0.5209583018956705 0.03163882748878601 0.09373948175933333
0.5323622083020773 0.6334465050192664 0.9898937333729144 0.09373948175933333
0.4973941898859172 0.2614760703771268 0.1841561668753304 0.09373948175933333
0.5026897714813287 0.7003377457717485 0.5279659670788911 0.09373948175933333
0.08538494155766081 0.6500286970718552 0.1915293831905893 0.09373948175933333
0.487117346102827 0.270171775795518 0.7618693342002582 0.09373948175933333
0.9212997045183288 0.9670493533283993 0.6410519665380161 0.09373948175933333
0.4796897383559592 0.9553560968207161 0.3427268107471766 0.09373948175933333
0.9470719204536981 0.6627015802943751 0.9893167051377083 0.09373948175933333
0.5326475375998343 0.7803833738610579 0.4810614489820992 0.09373948175933333
0.6569397792799557 0.5786596458298389 0.8974069882083665 0.09373948175933333
0.9997115414237265 0.118118911736621 0.07811272763022867 0.09373948175933333
0.4907912219117661 0.5430436994927696 0.176613754352744 0.09373948175933333
0.9105013127310875 0.0005711621637425786 0.05555306724105706 0.09373948175933333
0.2518887496933708 0.3579011576633624 0.2027205936857521 0.09373948175933333
0.2027811819161083 0.6887464793827456 0.7503524912717668 0.09373948175933333
0.2088343621837622 0.5072195977039533 0.1230192693985558 0.09373948175933333
0.8414251243024481 0.8964527640758326 0.07100859187998851 0.09373948175933333
0.7291417349856248 0.5960203567016327 0.2378997250286354 0.09373948175933333
0.4044554194140819 0.7204519226874999 0.8126702491685976 0.09373948175933333
0.4277365613233464 0.2384816878177579 0.5806485417997809 0.09373948175933333
0.3440369397069282 0.1367156043255504 0.4389438481017779 0.09373948175933333
0.7764363413165463 0.4313114821707436 0.6383785975765313 0.09373948175933333
0.3040714888026205 0.1425658549440986 0.874940486300227 0.09373948175933333
0.2376049983528583 0.6137114923329177 0.3908744312409242 0.09373948175933333
0.3049252352703129 0.536237637804974 0.7991823039486703 0.09373948175933333
0.3126031946118851 0.6139366900666287 0.6607928785388869 0.09373948175933333
0.6363384771803537 0.6459567704880469 0.7480458719252282 0.09373948175933333
0.4578702786640552 0.1671787100668097 0.4541782343361119 0.09373948175933333
0.8657956295485779 0.1268928082199318 0.9213165343296169 0.09373948175933333
0.9022942106430686 0.7307105477282893 0.05489035193912385 0.09373948175933333
0.5948908468167275 0.02941717650544666 0.9165914569790502 0.09373948175933333
0.3620468536358254 0.8575022098924584 0.9929989779452884 0.09373948175933333
0.8741717037675245 0.4549621873958152 0.3027465254658813 0.09373948175933333
0.1846081485029275 0.3141990898862856 0.03698893078248836 0.09373948175933333
0.906316747637233 0.05290207731672116 0.5684889913169245 0.09373948175933333
0.2525948423435273 0.06203849496504218 0.6546386170293469 0.09373948175933333
0.4613062525708568 0.1654181704650963 0.2006348462217048 0.09373948175933333
0.5408472026686321 0.3372839573021563 0.5066208200029757 0.09373948175933333
0.5785093324914293 0.02457157011171953 0.3296048166856073 0.09373948175933333
0.3902595111181916 0.7760316075664997 0.05289504571033103 0.09373948175933333
0.4500281288756308 0.1390233299924833 0.09854492135423397 0.09373948175933333
0.6925630447048374 0.2790718095103924 0.1735875732852955 0.09373948175933333
0.6140166457592576 0.03797957488251966 0.1451580235472403 0.09373948175933333
0.7970487142970234 0.5168279051812608 0.6780917284960393 0.09373948175933333
0.5885757180449076 0.0130022283219847 0.4283071275724498 0.09373948175933333
0.9485202356848883 0.7421768054465342 0.4559274280469592 0.09373948175933333
0.5380743724542046 0.2914357910291913 0.5998173394549102 0.09373948175933333
0.5603908141770636 0.7927813691085959 0.9485578214020944 0.09373948175933333
0.2643274170578909 0.04154017733635984 0.371919471257353 0.09373948175933333
0.675456311187246 0.3180418965206089 0.8448315463201949 0.09373948175933333
0.7735158111030898 0.6499627651946361 0.1368471171528449 0.09373948175933333
0.6093274505838771 0.6570494218269051 0.3707879113482354 0.09373948175933333
0.2470728641441955 0.6525905654199406 0.9707026360040224 0.09373948175933333
0.7396190218710726 0.3685896938037568 0.5399962884277373 0.09373948175933333
0.1517106541038027 0.3095361468237279 0.745168121869309 0.09373948175933333
0.1948847421126747 0.121091802986678 0.3529199873527502 0.09373948175933333
0.09070218098587608 0.3243887370338325 0.9276965213547719 0.09373948175933333
0.05336279795157112 0.1902015105500902 0.4233497905013829 0.09373948175933333
0.3367957171373063 0.4165024460396709 0.4592647178842771 0.09373948175933333
0.9905384043674429 0.4758695875715199 0.6071648083786112 0.09373948175933333
0.4533458487419009 0.3742744247864933 0.3082391334215391 0.09373948175933333
0.175045831505925 0.3222722895710998 0.4027476076408779 0.09373948175933333
0.6592677315299512 0.6693417021569944 0.08893697552793416 0.09373948175933333
0.8690116132525341 0.8760526832619416 0.5316789858442635 0.09373948175933333
0.7911352015757044 0.7449646183614517 0.8352150960106599 0.09373948175933333
0.8394577671286867 0.8455866389305975 0.7202061455906751 0.09373948175933333
0.6489776123387658 0.8613731066623217 0.3249224968751564 0.09373948175933333
0.4834365330754976 0.6287460785804304 0.1113663587355616 0.09373948175933333
0.7848634812297333 0.3652688976918202 0.7177271230930685 0.09373948175933333
0.9722748850627312 0.1737948382361491 0.8674309891441117 0.09373948175933333
0.3883101858306148 0.4769080953367105 0.6972667259359336 0.09373948175933333
0.5497058991572936 0.1114915950406484 0.7339805039566858 0.09373948175933333
0.4303381092903066 0.32381658545695 0.118236472138349 0.09373948175933333
0.6171653304315355 0.9207900226612415 0.04368511292547363 0.09373948175933333
0.4852386555931388 0.6897088799613863 0.6515690921100835 0.09373948175933333
0.3184154126480015 0.9741730201216972 0.9053661908788199 0.09373948175933333
0.5956582751804036 0.9061364988710918 0.7494520736437007 0.09373948175933333
0.2194868309059805 0.7161345670284388 0.3908000930257612 0.09373948175933333
0.7192775850651689 0.7409956182630959 0.5355046151694018 0.09373948175933333
0.6882684493149085 0.4927958364547811 0.3647304923331457 0.09373948175933333
0.3765155435918316 0.8714653793055488 0.08866111881169969 0.09373948175933333
0.7559510649927697 0.8352485583565147 0.7664031248249779 0.09373948175933333
0.3935942278344175 0.5981219249038732 0.7965917413102234 0.09373948175933333
0.1856687795921873 0.4174685469186863 0.760930606900124 0.09373948175933333
0.7216683608545216 0.08454543377562573 0.6543625656442149 0.09373948175933333
0.6130242171674993 0.8703044210296994 0.9632646504248408 0.09373948175933333
0.06700553944383501 0.0901111469728491 0.4140221388482648 0.09373948175933333
0.9527902704298689 0.6556980249893734 0.8959453772061733 0.09373948175933333
0.3706728331345266 0.3131769204827139 0.7346285937995327 0.09373948175933333
0.3944092480405846 0.8323858027586878 0.7366992010776328 0.09373948175933333
0.9439306934461996 0.2152823111298558 0.04753644366865234 0.09373948175933333
0.7780773975946549 0.5069351307755935 0.2625186962479395 0.09373948175933333
0.8044510162798758 0.9124644402955205 0.8046361128863684 0.09373948175933333
0.2623100512460796 0.4394577206443573 0.04773460283367095 0.09373948175933333
0.9705522211147471 0.1890527581653149 0.6187135801663766 0.09373948175933333
0.9638685307668943 0.8427847319786815 0.5735680096278699 0.09373948175933333
0.145144183811856 0.3962233492703843 0.4708859726858045 0.09373948175933333
0.1001256663497937 0.7617910943359381 0.3859721195056272 0.09373948175933333
0.09021564479292696 0.9625232376511169 0.7868161644349311 0.09373948175933333
0.7693526216949853 0.01187533869971722 0.2899699900697115 0.09373948175933333
0.6030276419493241 0.3945895367222684 0.1713753032060097 0.09373948175933333
0.1491462939142799 0.8854149754024594 0.9828954077738631 0.09373948175933333
0.7579048281336114 0.2534485917710121 0.6898446936188493 0.09373948175933333
0.9998197493544684 0.2084936198750648 0.5085548502778313 0.09373948175933333
0.740761885743532 0.8751439191996323 0.3427718493212227 0.09373948175933333
0.2398595263598756 0.2555726300081613 0.607742007785754 0.09373948175933333
0.9587554442796312 0.7243690460883976 0.8058443567678035 0.09373948175933333
0.4601741593421787 0.8224176502915127 0.9791366199056601 0.09373948175933333
0.7034087861787901 0.4949209162069704 0.6404932078218744 0.09373948175933333
0.2959209614937209 0.5498726054786046 0.1903856285845731 0.09373948175933333
0.4743196342979074 0.04576225230513525 0.5868395102564261 0.09373948175933333
0.6693587468070005 0.3496296712900481 0.1028478848811917 0.09373948175933333
0.371715893483489 0.3600883796930632 0.5476580428008668 0.09373948175933333
0.09454453649009421 0.6912584554238813 0.2828754439497456 0.09373948175933333
0.4453918418290342 0.4642817305900441 0.1135878157873197 0.09373948175933333
0.4408365935456764 0.2798341671082886 0.4972013266862203 0.09373948175933333
0.4057321767297465 0.6631467870988383 0.8904137975280645 0.09373948175933333
0.5599065474806679 0.7584826690466577 0.5742384122055478 0.09373948175933333
0.2088369306209215 0.09856555234865379 0.1382316176464745 0.09373948175933333
0.8083106524534762 0.2446590552599321 0.5824372870377013 0.09373948175933333
0.714509465916213 0.2136670422146545 0.7979374274169214 0.09373948175933333
0.1611212038098302 0.5754131631786512 0.5842795602703451 0.09373948175933333
0.2061547365274559 0.8572718055727739 0.07328908097183047 0.09373948175933333
0.06377706853373334 0.8361246049699486 0.6016465281242473 0.09373948175933333
0.8548824217750188 0.9611307756446273 0.3041268860631096 0.09373948175933333
0.5415807874555459 0.953223138860136 0.9734716885189666 0.09373948175933333
0.7178956713388571 0.8190891679579648 0.879735147579518 0.09373948175933333
0.6683563180922766 0.2316531781588151 0.6366141457472257 0.09373948175933333
0.2587360463840266 0.611615695989672 0.7573440534310253 0.09373948175933333
